0.95918
0.02041
0.02041
0.16326
0.02128
0.16326
0.61224
1.00000
1.00000
0.02041
0.02326
0.06122
0.16326
0.07317
0.02174
0.61224
0.65306
0.24490
0.04082
0.04082
0.02041
0.24490
1.00000
1.00000
0.02041
0.02041
0.02041
1.00000
0.02041
0.02041
0.24490
0.06122
1.00000
0.02041
0.02041
0.06122
1.00000
1.00000
0.02041
0.16326
1.00000
1.00000
1.00000
0.04878
0.02041
0.08163
0.05263
0.02041
0.02041
0.06122
1.00000
0.02041
0.06122
0.08163
0.65306
0.02041
0.65306
0.16326
0.06122
0.02041
0.02041
0.02041
0.02041
0.65306
0.02041
0.02041
0.18367
0.02041
0.58139
0.60465
1.00000
0.02041
0.06122
0.04082
1.00000
0.02041
0.06122
1.00000
0.02041
0.02326
0.06122
0.02041
0.02041
1.00000
0.02041
0.02041
0.06122
0.02041
0.02041
0.04546
0.24490
0.02041
0.61224
0.02041
0.02083
0.02041
1.00000
0.02041
0.02041
0.02041
0.61224
0.02222
1.00000
0.02041
0.04082
0.65306
0.02041
0.02041
1.00000
0.02041
1.00000
1.00000
0.02041
0.06122
0.65306
0.02041
1.00000
0.04082
0.02041
0.02041
0.17647
0.16326
1.00000
0.02041
0.08163
0.02041
0.08163
0.24490
0.02041
0.02041
0.28261
0.02041
0.16326
0.02041
0.16326
0.16326
0.02041
0.06122
0.02041
0.06122
0.04082
1.00000
0.02381
0.02041
0.02041
0.02041
0.02041
1.00000
0.65306
0.02041
0.02041
0.02041
0.06122
0.02041
0.06122
0.02041
1.00000
0.08163
1.00000
0.02041
0.02041
0.02041
1.00000
0.02041
0.04082
0.02041
0.08163
0.02041
0.06122
0.02041
0.02128
0.06122
0.02041
0.61224
0.93878
0.02041
0.02041
0.02041
0.61224
0.02041
0.02041
1.00000
0.02041
0.06122
1.00000
0.02041
0.04082
0.02128
0.02083
0.02041
0.02041
1.00000
0.02041
1.00000
0.02041
1.00000
0.02041
0.02381
0.16326
0.02041
0.04082
0.16326
0.02083
0.06122
0.02041
0.02041
0.02041
0.02041
1.00000
0.02041
1.00000
1.00000
0.65306
0.02041
0.02041
0.02041
0.02041
0.02041
0.02041
0.02381
1.00000
0.02041
0.02041
0.02041
0.02041
0.04167
0.08163
1.00000
0.02041
0.02041
0.61224
0.02041
0.06250
0.16326
0.24490
0.02174
0.65306
0.06122
0.08163
0.02041
0.02041
0.02041
1.00000
1.00000
0.02041
1.00000
0.02041
0.02041
0.24490
0.08163
0.02041
0.04082
0.04082
0.02041
0.06122
0.04082
0.02041
0.02041
0.02041
0.02041
0.02041
1.00000
0.02041
0.02041
0.16326
0.02041
0.02041
0.02041
1.00000
1.00000
1.00000
0.02041
0.02041
0.02041
0.16326
0.02041
0.04255
0.24490
0.02041
0.02041
1.00000
0.06250
1.00000
0.02041
0.06122
0.02500
1.00000
0.06122
0.02041
0.02041
1.00000
0.04082
0.02041
0.04082
0.02041
0.02041
0.02041
0.02041
0.04082
0.16326
0.02041
0.02041
0.02041
0.61224
0.16326
0.04082
0.02041
0.61224
0.02222
0.65306
0.02041
0.02041
0.02041
0.02041
0.02041
0.04082
1.00000
0.08163
0.02041
0.06122
0.65306
0.02128
0.65306
0.24490
0.02041
0.06122
0.02041
0.02041
1.00000
0.02041
0.02041
0.02041
0.02041
0.06122
0.04082
0.02041
0.02041
0.02128
1.00000
0.02041
0.08163
0.93878
0.02041
0.65306
0.02041
0.02041
0.02041
0.04082
0.02174
0.02041
0.28571
0.02041
0.02041
0.06122
0.04000
0.02041
0.04082
0.93878
0.02041
1.00000
1.00000
0.02041
1.00000
0.02041
0.61224
1.00000
0.02083
0.06122
0.02041
0.06122
1.00000
0.02041
0.02041
0.02041
0.02041
0.02041
0.19565
0.10204
0.02041
0.06122
1.00000
0.02041
0.02041
0.04082
0.02041
0.02041
0.02041
1.00000
0.02632
0.02564
0.02041
1.00000
0.16326
0.02041
0.04255
0.02041
0.04082
0.02041
0.04082
1.00000
0.02041
0.06122
0.02041
1.00000
0.16326
1.00000
0.06122
0.02041
0.61224
0.02041
0.95349
0.02174
0.06122
0.04082
0.02381
0.02041
0.28571
0.24490
1.00000
0.02041
0.04082
1.00000
0.02041
0.15790
0.02041
0.63044
0.02041
0.02041
0.02128
0.02041
0.04082
0.02041
0.02041
0.02041
0.02041
1.00000
0.02041
0.02041
0.06383
0.02041
0.61224
0.16326
1.00000
0.02041
0.02041
0.02041
0.02041
0.02041
0.02041
1.00000
0.02041
0.67347
0.61224
0.02083
0.02041
0.02041
0.97959
0.06122
0.02041
0.02041
1.00000
0.02041
0.02041
1.00000
0.02041
1.00000
1.00000
1.00000
0.09091
0.06122
0.06122
0.02041
0.04082
0.02041
0.65306
0.16326
0.65306
0.04082
0.02041
0.02041
1.00000
0.02041
0.06122
0.02041
0.24490
0.67347
0.02041
0.06122
0.02041
0.02222
0.02041
1.00000
1.00000
0.02041
0.16326
0.02439
0.02326
0.02041
0.02174
1.00000
0.02041
0.02041
0.02041
0.02041
1.00000
0.02041
0.02564
0.06122
1.00000
0.02041
1.00000
0.02439
0.04167
0.02041
0.02041
0.08163
0.65306
0.93878
0.02703
0.02857
0.02041
0.02041
0.02041
0.24490
0.02041
0.02041
0.02041
1.00000
1.00000
0.65306
0.16326
0.16667
0.02041
0.08163
0.16326
0.02041
0.02041
0.02041
1.00000
0.02041
1.00000
0.65306
0.02041
0.02041
0.02041
0.08163
0.24490
0.04167
0.02041
0.02041
0.02041
0.02041
0.24490
0.02041
0.28571
0.02041
0.02041
0.93878
0.02041
1.00000
1.00000
1.00000
0.02041
0.24490
0.02041
0.04082
0.08163
0.95745
0.14286
1.00000
0.06122
0.08163
1.00000
0.02041
0.02041
1.00000
0.16326
1.00000
1.00000
0.16326
0.06122
0.16326
0.02041
0.02128
0.04082
0.61224
0.02041
0.61224
1.00000
0.02041
0.61224
0.04082
0.02041
0.65306
0.02041
0.16326
0.04082
0.02041
0.16326
1.00000
0.02041
1.00000
0.16326
0.02041
0.93878
0.02041
1.00000
0.02041
0.02041
0.04082
0.02041
0.02041
1.00000
0.02041
0.06122
0.02041
0.02041
0.02041
0.02041
0.06122
1.00000
0.02041
1.00000
1.00000
0.06122
0.02041
0.02041
0.02041
0.02041
0.02041
0.65306
0.02041
0.24490
0.65306
0.24490
0.02041
0.02041
0.02041
0.61224
0.02041
0.04651
0.02041
0.05714
0.02041
0.02041
0.08163
0.06122
0.08163
0.02041
0.08163
0.02041
1.00000
0.16326
0.04082
1.00000
0.04082
0.61224
1.00000
0.02041
0.24490
0.06122
0.61224
0.02041
0.02041
1.00000
0.02041
0.02041
0.02041
0.65306
1.00000
0.28571
0.28571
0.02273
0.06818
1.00000
0.06122
0.02041
0.08163
0.06122
0.02041
0.02041
0.16326
0.02041
0.02041
1.00000
0.61224
0.02041
1.00000
0.61224
0.65306
0.04082
0.02041
1.00000
1.00000
0.61224
0.02041
0.06122
0.02041
0.06122
0.02041
0.06122
0.06122
0.02041
1.00000
0.65306
0.02041
1.00000
0.02041
1.00000
0.02041
0.65306
0.02083
0.02041
1.00000
0.02041
0.24490
0.02041
0.02041
0.64583
0.04082
0.02041
0.02041
1.00000
0.02041
1.00000
1.00000
0.06122
0.02041
0.08163
0.02041
1.00000
0.16326
0.16326
0.02041
0.02041
0.61224
0.02041
0.02041
0.02041
1.00000
0.02041
0.08163
0.02041
0.65306
0.14286
0.02041
0.16326
0.02041
0.16326
0.61224
0.04878
0.02041
0.06122
1.00000
0.04255
1.00000
1.00000
1.00000
0.65306
1.00000
0.02041
0.02041
0.02041
1.00000
0.02041
0.02041
0.61224
1.00000
0.02041
0.02041
1.00000
1.00000
0.61224
0.02041
0.08163
0.02041
0.02041
0.08163
0.02041
0.04082
0.61224
0.02041
0.02041
0.06122
0.28571
1.00000
1.00000
1.00000
0.06122
0.61224
0.02041
0.06122
0.02041
0.02041
0.02041
0.02041
0.02041
0.65306
0.02041
0.02041
0.24490
1.00000
0.02041
0.08163
0.24490
0.02041
0.16326
0.06122
0.02041
0.02041
0.24490
0.05405
0.65306
0.02041
0.02041
0.61224
0.02041
0.02041
0.02041
0.02041
0.04082
0.02041
0.02041
0.02041
0.06122
0.02041
0.16326
1.00000
0.16326
0.65306
0.06122
0.02041
0.02041
1.00000
0.04082
1.00000
0.65306
0.02041
0.02041
1.00000
0.02041
0.02041
0.02041
1.00000
1.00000
1.00000
0.02041
0.08163
0.02041
0.02041
0.02041
1.00000
0.02128
0.02174
0.24490
0.04082
0.16326
0.06122
0.08163
0.04082
0.04082
1.00000
0.02041
0.02041
0.02041
0.02041
0.15790
0.02041
0.02041
0.02041
0.08108
0.02041
0.02041
0.02041
0.02041
0.61224
0.65306
0.02041
0.04082
0.02041
0.04082
0.02041
0.02083
0.06122
1.00000
0.04082
0.06122
0.02273
0.06122
0.02041
0.02041
0.02041
0.61224
1.00000
0.08163
0.02381
1.00000
0.02041
0.02041
0.06122
0.02041
0.02041
0.02041
0.02041
0.04082
0.24490
0.02041
0.24490
0.02041
0.02041
0.02041
1.00000
0.04082
0.04082
0.16326
0.06122
1.00000
0.24490
0.24490
0.02041
0.04082
0.02041
0.02041
0.02041
0.02041
0.61224
0.02041
0.22917
0.02041
0.02041
1.00000
0.65306
1.00000
0.02041
0.02041
1.00000
0.02041
0.02041
0.02041
0.04082
1.00000
0.02041
0.24490
1.00000
1.00000
0.06122
0.02041
1.00000
0.16326
0.02041
0.02273
0.65306
0.02041
0.28571
0.02041
0.16326
0.06122
0.08163
0.02083
0.04082
0.02041
1.00000
0.02041
0.04082
1.00000
0.02041
0.28571
1.00000
0.02041
1.00000
1.00000
0.02041
0.02041
0.06122
1.00000
0.06122
0.02041
0.02041
1.00000
0.02041
0.06122
0.02041
0.04082
0.02041
0.02041
0.65306
0.02222
0.02041
0.16326
0.65306
0.02041
0.02041
1.00000
1.00000
0.02041
0.02041
0.02041
0.02041
0.24490
0.02041
0.02041
1.00000
0.05714
1.00000
0.61224
0.04082
0.02041
1.00000
0.65306
1.00000
0.65306
1.00000
0.65306
0.04082
0.04082
0.06122
0.02041
1.00000
0.06122
0.02174
0.65306
0.02041
0.06122
0.65306
0.02041
0.04082
0.02041
0.02041
0.02041
0.06122
0.65306
0.24490
1.00000
0.02083
0.02041
0.65306
0.06122
0.02041
0.02041
0.02041
1.00000
0.02041
0.02041
0.02041
0.02041
0.08163
1.00000
0.02041
1.00000
0.16326
0.02041
0.02041
0.06122
0.02041
0.02041
0.02041
0.02041
0.65306
0.16326
0.02041
0.02041
0.04082
0.61224
0.02041
1.00000
0.02041
0.02041
0.02041
0.65306
1.00000
0.16326
1.00000
0.02041
0.06122
1.00000
1.00000
0.04082
0.24490
0.08163
0.02041
1.00000
0.08163
0.28571
0.02041
0.02041
1.00000
0.08163
0.97727
0.08163
0.02041
0.24490
1.00000
0.04082
0.02041
0.02041
0.02041
0.02041
0.02041
0.02273
0.02041
0.02041
0.02041
0.16326
0.02326
0.02041
1.00000
0.02041
0.90476
0.05128
0.02041
0.02041
0.02041
1.00000
1.00000
0.02041
1.00000
0.02041
0.02041
0.02041
0.02041
1.00000
0.02041
0.04082
1.00000
0.61224
0.65306
1.00000
1.00000
0.02041
0.65306
0.08823
1.00000
1.00000
1.00000
0.08163
0.02041
0.02041
0.02041
0.06122
0.02041
0.02041
0.04082
0.02041
0.02041
0.06383
0.02041
0.08163
0.02041
0.02041
0.02041
0.02041
0.06122
0.02041
0.02041
0.18750
1.00000
0.97959
0.04082
0.16326
1.00000
0.02041
0.02041
0.04255
1.00000
0.02128
0.04082
0.02128
0.04082
0.04082
0.16326
0.65306
0.02041
0.02041
0.02041
0.02041
0.08163
0.02041
0.04082
0.02041
0.06122
0.02041
0.06122
0.02041
0.02041
0.06122
0.04082
0.02041
0.02083
0.24490
1.00000
0.06122
1.00000
0.65306
1.00000
0.02041
0.02041
0.02632
0.10204
0.02041
0.06522
0.95833
1.00000
0.02041
0.16326
0.16326
0.02041
0.02041
0.02041
0.02041
1.00000
0.02041
1.00000
1.00000
0.02041
0.02041
0.02041
0.02041
0.02083
0.02041
0.02041
0.02041
0.65306
0.16326
0.06122
0.02041
0.65306
0.24490
1.00000
0.02041
0.02041
0.02041
0.02041
0.61224
0.02041
1.00000
0.02083
0.65306
0.02041
0.02041
0.02041
1.00000
1.00000
0.04546
1.00000
0.65306
0.24490
0.28571
0.65306
0.06250
0.24490
0.16326
1.00000
0.06122
0.02222
0.02128
0.04348
0.04444
0.02174
0.02041
0.02041
0.02041
0.16667
0.04082
0.02041
0.60417
0.02041
0.02041
0.02041
0.02041
0.02041
0.02041
0.02174
0.02041
0.02128
0.02041
0.02041
0.05263
0.24490
0.04082
1.00000
0.04082
0.02041
0.02041
0.02041
0.02041
0.06122
0.04082
1.00000
0.06122
0.06122
0.08163
0.04082
0.02041
0.08163
0.06122
1.00000
0.02041
0.02041
0.02083
0.61224
0.02041
0.02041
0.02041
0.02041
0.02041
1.00000
0.02041
1.00000
0.02041
1.00000
0.02041
0.02041
0.02041
0.02041
0.06122
0.06122
0.28571
0.06122
0.02041
0.02041
0.61224
0.16326
1.00000
0.02041
0.02041
0.02041
1.00000
0.16326
0.06122
0.02041
0.16326
0.02041
0.04082
0.06122
0.02041
0.97917
1.00000
0.02041
0.02041
0.02174
1.00000
0.02041
0.16326
0.02041
0.08163
0.24490
1.00000
1.00000
0.02041
0.16326
0.02041
0.02041
0.02041
1.00000
0.61224
0.04082
0.04082
0.02041
0.02041
0.02041
1.00000
0.02041
0.02041
0.02041
0.06122
0.02041
0.02041
0.02041
1.00000
0.06250
0.02041
0.86047
0.04082
0.06122
0.02041
0.02041
0.02041
0.02041
0.06122
0.61224
0.65306
0.02041
0.02326
1.00000
0.06122
0.65306
1.00000
0.04082
0.02041
1.00000
1.00000
1.00000
0.02041
0.02041
0.02041
0.02041
0.02041
0.04082
0.02041
0.04082
0.16326
0.61224
0.04082
0.02041
0.28571
1.00000
0.06122
1.00000
1.00000
0.02041
1.00000
0.02041
0.06122
0.02041
0.02041
1.00000
0.04082
0.16326
0.02041
0.02041
1.00000
0.65306
0.02041
0.02041
0.17143
1.00000
0.02041
0.10204
1.00000
0.02041
0.28571
0.02041
0.04762
0.02381
0.02041
0.02041
0.06122
0.06122
0.06122
0.04082
0.61224
0.02041
0.06122
1.00000
1.00000
0.02041
1.00000
0.06122
0.02041
0.08163
0.02041
0.02041
0.02041
0.02041
0.65306
1.00000
0.06122
0.02041
0.02041
0.05000
0.24490
0.24490
0.06977
0.06977
0.02041
0.02128
0.24490
0.28571
0.02041
0.02041
0.02041
0.06122
1.00000
0.04082
0.61224
0.02041
0.06122
0.02041
0.02041
0.02041
0.06250
0.04082
1.00000
0.08163
0.02041
0.06818
0.06122
0.02041
0.02041
0.02041
0.02041
0.02041
0.08163
0.02041
0.04082
0.02222
0.02174
0.61224
0.06122
0.02041
0.16326
0.02041
0.02041
0.02041
0.24490
0.04082
1.00000
0.02041
0.02041
0.06122
1.00000
0.02128
1.00000
0.16326
0.02041
0.65306
0.02041
0.02041
0.02041
0.04082
0.02500
1.00000
0.02041
1.00000
0.02041
0.61224
0.02041
0.02041
0.02041
0.02041
1.00000
0.06122
0.02041
0.65306
0.02041
0.06122
1.00000
0.16326
0.02041
0.24490
0.02041
0.02041
0.02041
0.65306
1.00000
1.00000
0.02041
0.02041
0.97959
0.02041
0.06122
0.02041
0.02041
1.00000
0.02041
0.02041
0.02041
0.06122
1.00000
1.00000
0.02041
0.16326
0.02041
0.02041
0.02041
0.02041
1.00000
0.02041
0.02041
0.61224
0.04082
0.08163
0.06122
0.63830
0.02041
0.02041
0.02041
0.16326
0.16326
0.02041
0.02041
1.00000
0.02041
0.04167
1.00000
0.02041
0.06122
0.02041
1.00000
1.00000
0.04082
0.24490
0.16326
1.00000
0.02273
0.02041
0.02273
0.02041
0.02041
0.16326
0.04082
1.00000
0.02041
0.02041
0.02041
0.02041
1.00000
0.02041
0.61224
1.00000
0.05263
0.02174
0.04082
0.02041
0.04082
0.02041
0.02041
0.02083
0.02083
0.02083
0.04082
1.00000
0.04082
0.02041
0.63830
0.65306
1.00000
0.02041
1.00000
0.02041
0.06122
0.06122
0.02041
1.00000
0.02041
0.02041
0.16326
0.65306
0.04082
1.00000
0.02174
0.04082
0.02041
1.00000
1.00000
0.02041
0.08163
0.02041
0.08163
0.02041
0.02041
1.00000
0.61224
0.12766
0.04167
0.02041
0.02041
0.06122
0.16326
0.61224
0.02041
0.02041
0.24490
0.02041
0.02041
0.02041
0.02041
0.11765
0.05556
0.02041
0.02041
0.02041
0.02041
0.02041
0.08163
1.00000
0.65306
0.65306
0.02041
0.04082
0.06122
0.04878
0.02041
0.02041
0.02041
0.02041
0.02041
0.04082
0.02041
0.02041
1.00000
1.00000
0.02041
1.00000
1.00000
0.04082
0.65306
0.65306
1.00000
0.02041
1.00000
0.02041
0.04878
0.02041
0.02041
0.04546
0.02041
1.00000
0.02041
0.02041
0.04082
0.02041
0.65306
0.02041
0.04082
0.02041
1.00000
0.16326
1.00000
0.02041
1.00000
0.02041
0.16326
0.95000
1.00000
0.08163
0.02041
0.02041
0.04255
1.00000
1.00000
0.64583
0.02041
0.65306
0.02041
1.00000
0.08163
1.00000
0.02041
0.24490
0.02041
0.04082
0.02041
0.02041
0.02041
0.65306
0.04082
0.84615
0.02041
0.02041
0.02041
0.24490
0.24490
0.02041
1.00000
0.02041
0.02041
1.00000
0.02041
0.02041
0.02041
0.02041
0.65306
0.16326
0.02041
0.02041
0.02041
0.02041
1.00000
0.04255
0.02041
0.02041
0.65306
1.00000
0.02041
0.06977
0.02041
0.16326
0.61224
0.06122
0.02041
0.02041
0.02041
0.02041
0.02041
0.02041
0.02041
0.24490
0.02041
1.00000
0.16326
0.65306
0.24490
0.02041
0.02041
0.06122
0.08163
0.05000
0.02500
0.04082
0.06122
0.08163
0.06122
0.04082
1.00000
0.04082
0.02041
0.02041
0.04082
0.04082
0.02041
0.02041
0.02041
0.02041
1.00000
0.16326
0.24490
0.06522
0.65306
0.06122
0.02041
0.02041
0.02041
0.04082
0.02041
0.02041
0.02041
0.02041
0.61224
1.00000
0.02041
0.28571
1.00000
1.00000
0.04762
0.65306
0.61224
0.06122
0.22917
1.00000
1.00000
1.00000
0.02041
1.00000
0.06122
0.65306
0.02083
1.00000
0.02041
0.02083
0.02041
1.00000
1.00000
0.02041
0.04082
0.65306
0.02041
0.02041
0.06122
0.02041
0.02041
0.16326
0.02041
0.08163
0.65306
0.02041
0.02041
0.06122
0.02041
0.02041
0.08163
0.02041
0.61224
0.02041
0.02041
0.02041
0.05405
0.02041
0.02041
0.02041
0.02041
0.65306
1.00000
0.02041
0.02041
0.02041
0.02128
1.00000
1.00000
0.02041
0.08163
0.08163
0.02041
0.06122
0.02041
0.02041
0.04082
0.04082
0.04082
1.00000
0.05128
0.04082
1.00000
0.97959
0.02041
0.14286
0.02041
1.00000
0.16326
0.08163
1.00000
0.08163
0.04082
0.06522
0.02041
0.02041
0.02041
0.65306
0.24490
0.02041
0.02041
1.00000
0.02041
1.00000
0.02041
0.24490
0.02041
0.02041
0.06122
0.02041
0.16326
0.02041
0.06122
0.02041
1.00000
1.00000
0.02041
0.02041
1.00000
0.02041
0.08163
1.00000
0.02041
0.02041
0.02041
1.00000
1.00000
1.00000
1.00000
1.00000
0.02041
0.16326
0.02041
0.02041
0.02041
0.02041
0.02041
0.65306
0.04082
0.02041
0.24490
0.02041
0.65306
0.02041
0.02041
0.88235
0.03125
0.16326
0.06122
0.65306
0.16326
0.06122
0.24490
0.06122
0.02041
0.61224
1.00000
0.02041
0.08163
0.02041
0.04082
1.00000
0.06122
0.65306
1.00000
0.02041
0.02041
0.24490
0.24490
0.02041
0.02041
0.02041
1.00000
0.02041
0.06818
1.00000
0.02041
0.16326
0.02041
0.28571
0.02041
0.02174
0.84444
1.00000
0.02041
0.08163
1.00000
0.02041
0.02041
0.02041
0.16326
0.04082
0.65306
0.02041
0.02041
0.06122
0.65306
0.02041
1.00000
0.65306
0.02041
0.24490
0.16326
0.16326
0.02041
0.02041
0.04082
0.04082
0.06122
0.04167
0.02041
0.02041
1.00000
0.06122
0.24490
1.00000
0.02041
0.02041
0.02041
1.00000
1.00000
0.02041
0.02041
0.16326
0.02041
0.16326
0.02041
0.02041
0.06122
0.65306
0.02041
1.00000
0.02041
0.02041
0.18367
0.04082
1.00000
0.02041
0.04082
0.06122
0.02041
1.00000
1.00000
0.02041
0.65306
0.16326
0.04082
0.06122
0.16326
0.02041
0.08163
0.02041
0.02041
0.02041
0.02041
1.00000
0.08163
0.02041
0.02041
0.02083
0.02041
0.02041
1.00000
0.02041
0.61224
0.04082
0.16326
0.06122
0.02041
0.02041
0.61224
0.02041
0.24490
0.02439
0.02041
1.00000
1.00000
0.16326
0.02041
0.02041
0.24490
0.02041
0.16326
0.02041
0.02041
0.02041
0.04082
1.00000
0.06122
1.00000
0.02041
0.02041
1.00000
1.00000
0.24490
1.00000
0.06122
0.24490
1.00000
0.02083
0.22917
0.02041
0.06122
0.61224
0.04082
0.02041
0.02041
0.02041
0.65306
0.02041
0.16326
0.02041
0.02041
0.02041
0.02041
0.04082
0.65306
0.02041
0.02041
0.02041
0.02041
1.00000
0.24490
0.65306
0.04082
0.02041
0.02041
0.02041
0.28571
0.02041
0.61224
0.06122
0.04082
0.02041
0.02041
1.00000
1.00000
0.02041
0.02041
0.02041
0.02041
0.10870
0.04082
0.02041
0.65306
0.04082
0.02041
0.02041
1.00000
1.00000
0.16326
0.24490
0.02041
1.00000
0.02703
0.02041
0.65306
0.02041
1.00000
0.02041
0.65306
1.00000
0.02041
0.08163
0.24490
1.00000
0.04082
0.02041
1.00000
0.02041
0.02041
0.97674
0.02041
0.02041
0.97826
0.02041
0.02041
1.00000
0.04082
0.02041
0.02041
0.02041
0.61224
1.00000
0.02041
0.02041
1.00000
1.00000
0.02041
0.02041
0.02041
0.02041
0.16326
0.02222
0.24490
0.02041
0.04082
0.16326
0.02041
0.02083
0.02041
0.08163
0.04082
1.00000
0.02041
0.02041
0.02041
0.02041
0.04082
0.06122
1.00000
0.02041
1.00000
0.02041
0.02041
0.02041
0.02041
0.02041
1.00000
0.02041
0.02041
0.65306
0.02041
0.02041
0.02041
0.02041
1.00000
0.02041
0.02041
0.02041
0.02128
0.02041
0.02041
0.02041
1.00000
1.00000
0.02041
0.28571
0.02041
0.02041
0.02041
0.04444
0.02041
0.02041
0.02041
0.02041
0.16326
0.06122
0.02041
0.02041
0.06122
1.00000
0.04082
0.65306
0.04082
0.02041
0.04082
0.04082
0.04082
0.02041
1.00000
0.02041
0.02041
0.04082
0.02041
0.87234
1.00000
0.06122
0.06122
0.08163
0.02041
1.00000
1.00000
0.02041
0.02041
0.02041
0.04082
0.02041
0.02041
0.02041
0.68889
0.06122
0.02041
0.06122
1.00000
0.02041
0.02041
0.02041
0.02041
0.65306
1.00000
0.16326
0.02041
0.97872
0.02041
1.00000
0.02041
0.02041
0.05405
0.16326
0.04082
0.24490
0.02041
0.02041
0.02041
1.00000
1.00000
0.91892
0.02041
0.03226
0.61224
0.02041
0.16326
0.02041
0.02041
0.04082
0.16326
0.65306
0.08163
0.24490
0.02041
0.02041
1.00000
0.04082
0.02041
1.00000
0.02041
0.06122
0.02041
0.16326
0.02041
0.04082
0.02041
0.24490
0.06122
0.28571
0.06122
0.02041
0.02041
0.02041
1.00000
0.65306
0.61224
0.04082
0.02041
0.02041
1.00000
0.04082
0.02041
0.02041
0.04082
0.02041
0.06122
0.02041
0.95238
0.02041
0.16326
0.02083
0.02041
0.08163
0.02041
0.02041
0.04082
1.00000
1.00000
0.06122
0.02041
0.02041
0.24490
0.02041
0.04082
0.16326
0.02041
0.02041
0.02041
0.02041
0.65306
0.65306
0.61224
0.02041
0.02041
0.65306
0.06122
0.02041
1.00000
0.16667
0.02041
1.00000
0.02041
0.06122
0.02041
0.02041
0.04082
0.02041
0.65306
0.02041
0.16326
0.02041
0.02041
0.16326
1.00000
1.00000
0.02041
1.00000
0.02041
0.24490
1.00000
0.04082
0.04082
0.06522
0.02041
0.02041
0.24490
1.00000
0.02041
0.02041
0.02041
0.02041
0.02041
0.02174
0.02041
0.02041
0.04082
0.04082
0.02041
0.02041
0.02041
0.16326
0.04082
1.00000
0.02041
0.62500
0.02041
0.16326
0.06122
0.02041
0.02041
1.00000
0.65306
0.08163
0.02041
0.02041
0.02041
0.02041
0.02041
0.06122
0.02041
0.02041
0.16326
0.02041
0.02041
0.04082
0.02041
1.00000
0.02041
0.02041
1.00000
0.08163
0.04082
0.27083
1.00000
0.02041
0.16326
1.00000
1.00000
1.00000
1.00000
0.04082
0.16326
1.00000
0.16326
0.02041
0.08163
1.00000
0.02041
0.04082
0.06977
0.04348
0.06818
1.00000
0.65306
0.02041
0.16326
0.63044
0.06122
0.06122
1.00000
0.02041
0.02041
0.70213
0.02041
1.00000
0.02041
0.02041
0.16326
0.02041
0.02041
0.02041
0.65306
0.02041
0.02041
0.02222
0.24490
0.61224
0.02041
1.00000
0.88889
1.00000
0.02041
0.04348
1.00000
0.03030
0.02041
0.61224
0.02041
0.06522
1.00000
0.02041
0.24490
0.02041
0.02041
0.02041
0.02041
0.02041
0.06122
0.06122
0.04255
1.00000
0.02128
0.02041
0.06122
0.06122
0.02041
0.02041
0.02041
1.00000
0.08163
0.02041
0.24490
0.02041
0.24490
0.02041
0.24490
0.02041
0.02041
1.00000
0.28571
0.02041
1.00000
0.02041
0.02041
0.02041
0.02041
0.02041
0.65306
0.02041
0.06122
0.02041
1.00000
1.00000
0.16326
0.02041
0.02041
0.02041
0.02041
1.00000
0.02041
0.04082
0.65306
0.04082
1.00000
0.04082
0.06122
1.00000
0.06122
0.02041
1.00000
0.02041
0.02041
1.00000
0.08163
0.02041
0.06122
0.02041
0.04082
0.02041
0.09524
0.02041
0.65306
0.24490
0.02941
0.65306
0.02041
1.00000
0.02041
0.92857
1.00000
0.28571
0.02041
0.61224
0.02041
0.02041
1.00000
0.04082
0.16326
0.02041
0.02041
1.00000
0.02041
0.02041
0.02041
0.04082
0.04082
0.02041
0.02041
0.02041
0.02041
0.28571
0.08163
0.68085
0.02041
0.16326
0.02041
0.06122
0.02041
0.02041
0.02041
0.02041
1.00000
1.00000
1.00000
0.28571
1.00000
0.02041
0.02041
1.00000
0.04082
0.02041
0.06122
0.02041
1.00000
0.02041
0.02041
0.02041
0.02041
0.04082
0.02041
0.02041
0.02041
0.02041
0.02041
0.04444
0.16326
0.04082
0.06122
0.24490
0.06122
0.02041
0.02041
0.02041
0.16326
0.02041
1.00000
0.02041
1.00000
0.02041
1.00000
0.02041
0.06122
0.02041
0.02041
0.61224
0.02041
0.02041
0.02041
0.04082
1.00000
0.02500
0.02041
1.00000
1.00000
0.02041
0.02041
0.02041
1.00000
1.00000
0.02041
0.02041
0.02041
0.02041
0.02041
0.65306
0.02041
0.02041
1.00000
0.06122
0.06122
0.02041
0.02041
0.04082
0.02041
1.00000
0.02041
1.00000
1.00000
0.04082
0.02041
0.02041
0.28571
0.06122
0.02041
0.65306
0.02041
0.02041
0.06122
0.04167
0.02041
0.02041
0.02041
0.02041
0.16326
1.00000
0.02041
0.02041
0.02041
0.02041
0.02041
0.02041
0.24490
0.04082
0.08163
0.04167
1.00000
0.02041
0.02041
0.02439
0.02041
0.02041
1.00000
0.02041
0.16326
1.00000
0.02041
0.02041
0.71429
0.04082
0.02041
0.02041
0.02041
1.00000
0.04348
0.04255
0.02041
0.65306
0.02041
0.06122
0.65306
1.00000
0.02041
0.02041
0.02041
0.02041
1.00000
0.16326
0.02041
0.09091
0.05714
0.65306
1.00000
0.02381
1.00000
0.95556
0.02083
0.02041
0.02041
0.02041
1.00000
0.02041
0.02041
0.06122
0.02041
0.65306
0.08163
0.02041
0.04082
0.65306
0.02041
1.00000
0.02041
0.02041
0.04082
0.02041
0.02041
1.00000
0.65306
0.02041
0.02041
1.00000
1.00000
0.02041
0.02041
0.02041
0.02041
1.00000
0.04082
0.16326
0.02041
0.02041
0.04082
0.02041
0.06122
1.00000
0.08163
0.02041
1.00000
0.04082
0.61224
0.02041
0.02041
0.02041
1.00000
0.02041
1.00000
0.02041
1.00000
0.02041
0.02041
0.02041
0.02041
0.02041
0.02041
0.02041
0.24490
0.08163
0.02041
0.02041
0.02041
0.02041
0.02041
0.02041
0.02041
1.00000
0.02041
0.02041
0.02041
0.02041
0.02041
0.16326
1.00000
0.06122
0.08163
0.61224
0.04082
0.02041
0.02083
0.24490
0.02041
0.65306
0.02041
0.02041
0.06122
0.06977
0.02273
1.00000
1.00000
0.08163
0.02041
0.04082
0.24490
0.16326
0.02041
0.02041
0.65306
1.00000
0.04082
1.00000
0.02041
0.02041
0.02041
0.65306
0.02041
1.00000
0.65306
0.04082
0.24490
1.00000
0.28571
0.02041
1.00000
0.02041
0.02041
0.08163
1.00000
0.02041
0.02041
0.02041
0.24490
0.06122
0.02083
0.08511
0.04082
0.04082
0.08163
0.02128
0.02041
0.61224
0.02041
0.02041
0.02041
0.24490
0.02041
0.02041
0.02041
0.02041
0.65306
0.08163
0.08163
0.04082
0.06122
1.00000
0.02041
0.02041
1.00000
0.61224
0.06122
0.16326
0.02041
0.61224
0.05000
0.06122
0.04348
0.02041
0.08163
0.02041
0.04082
0.02041
0.06122
0.02041
0.02041
0.02041
0.04167
0.04082
0.02041
0.04082
1.00000
0.02041
0.19512
1.00000
0.02041
0.02041
0.02041
1.00000
0.02041
0.02041
0.02222
0.61224
0.04082
0.02041
1.00000
1.00000
1.00000
0.16326
0.02041
0.08163
0.02041
0.02041
0.65306
0.02174
0.02128
0.02041
1.00000
1.00000
1.00000
1.00000
0.02041
0.02041
0.02041
0.02041
0.02041
1.00000
0.02041
0.24490
0.04082
0.02273
0.07500
0.61224
0.05714
0.02041
0.08163
0.65306
0.02041
0.02041
0.02041
0.65306
1.00000
0.65306
0.02041
0.65306
0.02041
1.00000
0.02041
0.61224
0.08163
1.00000
0.02041
0.02041
0.02041
1.00000
0.06122
0.02041
1.00000
0.04082
1.00000
1.00000
1.00000
0.03125
0.61224
0.02041
0.16326
1.00000
1.00000
0.06122
0.02041
0.16326
0.08163
1.00000
0.02041
1.00000
0.65306
0.02041
0.16326
0.16326
0.02041
0.06122
0.02041
1.00000
0.04082
0.02041
1.00000
0.06122
0.02041
0.61224
0.24490
0.04082
0.02041
0.04082
0.04082
0.02041
1.00000
0.04082
0.02041
0.02041
0.02041
0.02041
1.00000
0.16326
0.65306
1.00000
0.02041
0.08511
0.61224
0.02041
0.06122
0.06122
1.00000
0.08163
0.04082
1.00000
0.02041
0.16326
0.02041
0.02041
1.00000
0.02041
1.00000
0.02083
0.04762
0.02041
0.02041
0.02041
0.65306
0.02041
0.02041
0.02041
0.18367
1.00000
0.16667
0.02041
0.02041
0.04082
0.02041
1.00000
0.02041
0.02041
1.00000
0.02041
1.00000
0.02041
1.00000
1.00000
0.02041
0.04082
0.24490
0.08163
0.12500
0.65306
0.02041
0.61224
0.02041
0.02041
0.24490
1.00000
0.61224
0.02041
0.02041
0.24490
0.02128
0.04762
0.02381
0.02041
0.61224
0.65306
0.02041
1.00000
0.02041
1.00000
0.02041
0.02041
0.02041
0.02041
0.08163
0.02041
0.08163
0.02041
0.02041
0.02041
0.02041
0.06122
0.02273
1.00000
0.16326
0.65306
0.02041
0.02041
0.02041
0.04082
0.02041
0.61224
1.00000
1.00000
1.00000
1.00000
0.08163
0.02041
0.02041
0.02381
0.02041
0.02041
0.65306
1.00000
1.00000
0.02041
1.00000
0.02041
0.06122
1.00000
0.24490
0.04082
0.02041
0.02041
0.02041
0.02041
0.61224
0.61224
0.02041
1.00000
0.16326
0.02041
0.02041
0.02041
1.00000
0.97778
1.00000
0.61224
1.00000
0.02041
0.02041
0.65306
0.61224
0.02041
1.00000
0.02041
0.16326
1.00000
1.00000
0.61224
0.02041
0.02041
0.06122
0.08163
0.02041
0.02041
1.00000
1.00000
0.02041
0.16326
1.00000
0.04082
0.02041
0.02128
0.16326
0.06122
1.00000
0.04082
0.02041
0.02041
0.61224
0.02041
0.02041
0.02041
0.04082
0.02041
0.24490
0.02041
0.02041
0.02041
1.00000
0.02041
1.00000
1.00000
1.00000
0.61224
0.02041
0.04082
0.02041
0.02041
1.00000
0.02041
0.02041
0.06122
0.02041
0.02041
0.04082
0.08163
0.02041
0.02041
0.02041
0.02041
0.04082
0.02041
0.28571
0.02041
0.08163
0.02041
0.02041
0.02041
0.02041
0.02041
0.02041
0.02041
0.02041
0.04167
1.00000
0.02041
0.02041
0.02273
0.61224
0.02041
0.02041
0.04082
0.16326
0.02041
0.04082
0.02041
0.02041
0.02041
0.02041
1.00000
0.02041
0.08163
0.02041
0.24490
1.00000
0.04082
1.00000
1.00000
1.00000
1.00000
0.02041
0.02041
0.02041
0.02041
0.02500
1.00000
0.02041
0.65306
0.16326
1.00000
0.61224
0.04082
1.00000
0.28571
0.04082
1.00000
0.02041
0.08163
1.00000
0.65306
0.02041
0.02041
0.61224
0.02041
0.02041
0.02041
0.02041
0.04082
0.08163
0.02041
0.02041
0.08163
1.00000
0.02041
0.02174
0.02041
0.61224
0.65306
0.08163
0.06122
0.21875
0.02041
0.02041
0.02041
0.06522
0.02128
0.65306
0.08163
0.02041
0.16326
0.06122
1.00000
0.02041
0.02041
1.00000
0.02041
0.02041
0.28571
0.04082
0.02041
1.00000
0.02041
0.02041
0.16326
0.02041
0.24490
0.08163
0.24490
0.02041
0.02041
0.66667
1.00000
0.02041
0.65306
0.07500
0.10000
0.16326
0.06522
0.04082
1.00000
1.00000
0.02041
1.00000
0.06122
0.02041
0.02041
0.65306
0.02041
1.00000
0.02041
0.02041
0.02041
0.02041
0.02041
0.02941
0.16326
0.04255
0.02326
1.00000
0.02041
0.02041
0.61224
0.08163
0.02041
1.00000
0.04444
0.02083
0.04082
0.16326
0.08163
0.02041
0.02041
0.02041
1.00000
0.02041
0.08163
0.02041
1.00000
0.02041
1.00000
1.00000
0.61224
0.02041
0.16326
0.61224
1.00000
0.04082
0.02041
0.08163
0.24490
0.02041
0.16326
0.16326
0.02041
0.04082
0.02041
0.02041
1.00000
0.04082
0.04082
0.16326
1.00000
0.04082
1.00000
0.08163
0.02041
0.02041
0.06122
1.00000
0.06122
1.00000
1.00000
0.02041
1.00000
0.65306
0.02128
0.02041
1.00000
0.04082
1.00000
1.00000
1.00000
0.02041
0.02041
0.02041
0.02041
0.02041
0.06122
0.04082
0.02041
0.65306
0.02041
0.06122
0.02041
0.02041
0.02041
0.02041
0.24490
0.02041
0.02041
0.10638
0.02041
0.02041
0.04082
0.06122
0.02041
0.02041
0.02041
0.02041
0.16326
0.02041
1.00000
0.04082
0.65306
0.61224
0.04082
0.02632
0.02041
0.06122
0.02174
0.06122
0.02041
0.04082
0.28571
0.02041
1.00000
0.02041
0.06122
0.65306
0.02041
0.04082
0.61224
0.16326
0.02041
0.02041
1.00000
0.02273
0.02041
0.06122
0.65306
0.02041
0.02041
0.65306
0.04082
0.08163
0.04082
0.02041
1.00000
0.08163
0.02041
0.02041
0.02041
0.02041
0.02041
1.00000
0.02041
0.65306
0.24490
0.16326
0.14286
0.02041
0.12245
0.02041
0.24490
0.02041
1.00000
0.02041
0.04082
1.00000
0.02041
0.06122
0.02041
0.04082
0.06122
0.02041
0.02041
0.04082
0.02041
1.00000
1.00000
0.04082
0.65306
0.02041
0.04878
0.07500
0.02041
1.00000
0.04082
0.04082
0.36735
0.65306
0.02041
0.19149
0.06122
1.00000
0.02041
1.00000
0.02041
1.00000
0.02041
0.02564
0.06122
0.02041
1.00000
0.02041
0.08163
1.00000
0.04082
0.02041
0.02041
0.02041
0.02041
0.02041
0.04082
0.02041
1.00000
0.24490
0.16326
1.00000
0.02041
1.00000
0.16326
0.02041
0.02041
0.04082
0.65306
0.65306
0.06122
1.00000
0.02041
0.08163
0.02041
0.02041
1.00000
0.02041
0.02041
0.02041
0.04082
0.02128
1.00000
0.02128
0.65306
0.72727
0.02041
0.02128
0.16326
0.08163
0.04082
0.02041
0.06667
0.16326
0.02041
0.61224
0.02041
0.02041
0.65306
0.02041
0.65306
1.00000
0.02041
0.65306
1.00000
0.08163
1.00000
0.28571
0.02041
1.00000
0.02041
0.61224
1.00000
0.02041
0.28571
0.02041
0.02041
1.00000
1.00000
0.02041
0.02041
0.02041
0.10204
1.00000
0.08163
0.02041
0.65306
0.02041
0.06122
0.02041
0.04444
0.04167
0.16326
0.16326
0.04082
1.00000
0.06122
0.02222
0.02041
1.00000
0.02041
0.02041
1.00000
0.02041
0.16326
0.02041
0.02632
0.02041
0.04082
1.00000
0.02041
0.65306
0.61224
0.61224
0.02041
0.02041
1.00000
0.04082
0.61224
0.02041
0.06122
0.06667
0.02041
0.06122
0.02041
0.02041
0.02041
0.02041
0.02041
1.00000
0.02041
1.00000
0.02041
0.04082
0.06122
0.61224
0.65306
0.02273
0.02041
0.02128
1.00000
0.06122
0.02041
0.02041
0.02083
1.00000
0.61224
1.00000
0.04082
0.02041
0.02041
1.00000
0.02041
0.02041
0.02041
0.16326
0.02041
0.02041
0.02041
0.24490
0.02041
1.00000
0.08163
0.02041
0.04082
0.24490
0.02041
1.00000
0.02041
0.04878
0.16326
0.02041
0.04082
1.00000
0.02041
1.00000
0.16326
0.04082
0.16326
0.02174
0.02041
0.02041
0.02500
1.00000
0.02041
0.65306
0.24490
0.65306
1.00000
0.02041
0.02041
0.02041
0.24490
0.02041
0.02041
0.02041
0.65306
1.00000
0.06122
1.00000
0.04082
0.61224
0.02041
0.06122
0.04082
0.04082
0.02041
0.04082
0.65306
1.00000
0.02041
0.04082
1.00000
0.61224
0.02041
0.02041
1.00000
0.02041
0.02041
0.02041
0.02041
0.02041
0.24490
0.02041
0.02041
1.00000
0.65306
0.02041
0.28571
0.61224
0.04082
0.28571
0.07895
1.00000
1.00000
1.00000
0.02041
1.00000
0.04082
0.02041
1.00000
1.00000
0.02041
0.02041
1.00000
1.00000
0.02041
0.02041
0.65306
0.02041
0.02041
1.00000
1.00000
0.02041
0.02041
0.06122
0.02041
0.02041
0.06122
0.04082
0.04082
1.00000
0.04082
0.02041
0.02041
0.16326
0.02041
1.00000
0.02041
0.02041
0.02041
1.00000
0.02041
0.04082
0.04082
0.02041
0.65306
0.04082
0.02041
0.02041
0.04082
0.02041
0.02041
0.02041
0.16326
0.04082
1.00000
0.61224
0.02041
1.00000
0.28571
0.02041
0.02041
1.00000
0.02041
0.02041
1.00000
0.02041
0.02041
0.16326
0.04082
0.02041
0.02041
0.06122
0.04082
0.28571
0.02041
0.16326
1.00000
0.04082
0.02041
1.00000
0.02041
0.61224
0.24490
0.06122
0.02041
0.04082
1.00000
0.02041
0.06122
0.02041
0.02041
1.00000
0.02041
0.10204
0.06122
0.02041
0.02041
0.02041
0.02041
0.02041
0.02041
0.28571
0.02041
1.00000
0.02041
0.04082
0.02041
0.02041
0.02041
0.02041
0.02041
0.04082
0.06122
0.24490
0.16326
0.02041
0.16326
0.02083
0.02041
0.65306
0.61224
0.02041
0.06122
1.00000
0.08163
0.02041
0.02041
0.02041
0.04651
1.00000
0.02041
0.02041
0.06122
0.08163
0.61224
0.02041
0.24490
0.04082
0.65306
0.28571
0.04082
0.02083
0.06122
0.24490
0.02041
0.02041
0.06122
1.00000
1.00000
0.65306
0.65306
0.02041
0.02041
0.04082
0.02041
1.00000
0.08163
1.00000
0.02326
0.02041
0.02041
0.02041
1.00000
0.06122
0.04082
0.02041
0.02041
0.06122
0.04082
0.02041
0.02439
0.85714
0.02041
0.65306
0.04082
0.02041
0.02041
0.02041
0.02041
0.02041
0.02041
0.02041
0.65306
1.00000
0.02041
0.24490
0.02041
0.61224
0.02128
0.24490
0.02041
0.06122
0.06122
0.02041
1.00000
1.00000
0.07692
0.02041
0.02041
0.02041
0.02041
0.02083
0.02041
0.06667
0.61224
0.24490
0.61224
0.02041
0.65306
0.02041
0.02041
0.16326
0.02041
0.02041
0.02041
0.02041
1.00000
1.00000
0.65306
0.93878
0.02500
0.02041
0.02041
0.02041
0.02041
0.61224
0.16326
0.02041
0.02041
0.08163
1.00000
0.06122
0.02041
0.02041
0.02041
0.04082
0.02041
0.02041
0.65306
0.04082
0.06122
0.04082
0.02041
1.00000
0.02273
0.16667
0.16326
0.09091
0.02439
0.02083
0.02041
0.04082
1.00000
0.02439
1.00000
0.02041
0.06122
0.24490
1.00000
0.02041
0.02041
0.02041
0.06122
1.00000
0.02041
0.04082
1.00000
1.00000
0.02041
0.06122
0.02041
1.00000
0.02041
0.02041
0.02041
0.65306
0.06122
1.00000
0.02041
0.28571
0.02041
0.02041
0.02041
0.02041
0.06122
1.00000
1.00000
0.02041
0.02041
1.00000
0.02041
1.00000
0.02041
0.06667
0.24490
1.00000
0.06122
0.02041
0.02041
0.02041
0.02041
0.08163
0.16326
0.02041
0.02041
0.08163
0.02041
0.02041
0.65306
0.02041
0.02041
0.08163
0.02041
0.04082
0.02041
0.95652
0.06122
0.61224
0.04082
0.04082
1.00000
1.00000
0.02041
0.02041
0.02041
0.61224
0.02041
1.00000
0.02041
0.06122
0.16326
0.24490
0.02041
0.02041
0.02041
0.02041
0.61224
1.00000
0.65306
0.02041
0.02041
0.65306
1.00000
1.00000
0.02041
0.02041
0.02041
0.65306
0.02041
0.65306
0.02041
0.04082
0.02041
0.24490
0.02041
0.06122
0.06122
1.00000
0.65306
0.02041
0.02041
0.02632
0.65306
0.02041
0.02041
0.08163
0.08163
0.02041
1.00000
0.02041
0.02041
1.00000
0.65306
0.02041
0.04082
0.02041
0.02041
0.02041
0.02041
0.02041
0.06122
0.04082
0.04082
0.04082
1.00000
1.00000
0.04255
0.02041
0.06122
0.24490
0.02041
0.04082
0.06122
0.02041
0.06122
0.02041
0.02041
0.65306
1.00000
0.02041
0.02041
0.02041
1.00000
0.02041
0.07143
0.02041
0.61224
0.02041
0.65306
0.02041
0.61224
0.02041
0.02041
0.61224
0.02041
0.06122
0.02041
0.02041
0.04082
0.65306
0.02041
0.16326
0.04878
1.00000
0.02041
0.04082
0.08163
0.02041
0.06122
0.02041
1.00000
0.04082
0.65306
0.02041
0.02041
0.02041
0.02041
0.02041
1.00000
0.02041
0.02041
0.02041
1.00000
0.06122
0.65306
0.02041
1.00000
0.02041
0.02041
1.00000
1.00000
0.65306
0.02041
0.24490
0.02041
0.02041
1.00000
0.06122
0.08163
0.02041
1.00000
0.02041
0.24490
0.02041
0.04082
0.02041
0.02041
1.00000
0.06122
0.02041
0.02041
0.02041
1.00000
1.00000
0.16326
0.65306
0.02041
0.02041
1.00000
0.44898
1.00000
0.06122
0.65306
0.06122
0.06122
0.04082
0.04082
0.02041
0.16326
0.02041
1.00000
0.02041
1.00000
1.00000
0.02041
0.02041
0.02041
0.02041
0.02041
0.04082
0.61224
0.04082
1.00000
0.04082
0.02041
0.02041
0.02041
0.04082
0.06122
0.02041
0.24490
0.18367
0.02041
0.02041
0.02041
0.02041
0.06122
0.02041
1.00000
0.06122
0.02041
1.00000
0.14286
0.04082
0.02041
0.16326
0.02041
0.06122
0.02041
0.07143
0.02041
0.02041
0.02041
1.00000
1.00000
0.02041
0.24490
0.08163
0.02041
0.02041
0.02041
0.06122
0.02041
0.02041
0.04082
0.65306
1.00000
1.00000
0.02041
0.65306
0.04082
0.02041
0.61224
0.02174
0.02273
1.00000
0.02041
0.02041
0.02041
0.06122
0.02041
0.04082
0.04546
0.02174
0.04082
1.00000
0.02041
0.02041
1.00000
0.02041
0.04082
0.02041
0.02041
0.02041
0.02041
0.65306
0.02041
0.02041
0.02041
0.06122
0.02041
0.04082
0.02041
0.02041
0.06122
0.18182
1.00000
0.61224
0.08163
1.00000
0.02041
0.06122
1.00000
1.00000
0.06122
0.04082
0.04082
0.02041
0.61224
0.02041
0.02041
0.02041
0.02041
1.00000
0.04762
0.02041
0.04082
1.00000
0.04082
0.65306
0.16326
0.02326
0.02041
1.00000
0.02041
0.02041
0.02041
0.02041
0.04444
1.00000
0.02041
0.02041
0.04082
0.02041
0.06122
0.61224
0.02041
1.00000
0.02041
0.02041
0.04082
0.02041
0.02041
0.06122
0.02041
0.04082
0.65306
0.02041
0.02041
0.02041
0.02041
1.00000
0.65306
0.02041
0.02041
0.06122
0.02041
0.02041
0.24490
0.06122
1.00000
0.02041
0.02041
0.65306
1.00000
1.00000
0.04082
1.00000
0.02041
0.02041
1.00000
0.28571
0.02041
0.16667
0.04082
0.61224
0.02041
0.02041
0.04082
0.02041
0.06122
0.02041
1.00000
0.02041
0.04444
0.02041
0.02041
0.02041
0.28571
0.16326
0.16326
0.02041
0.02041
0.24490
0.02041
0.16326
0.02041
0.02500
1.00000
0.65306
0.16326
0.02041
0.02083
0.02041
0.04082
0.16326
0.02041
0.02041
0.06122
0.02041
0.02041
0.04082
1.00000
0.02083
0.16326
0.02041
0.65306
0.02041
1.00000
0.02041
0.05263
0.04082
0.06122
0.02041
0.02041
1.00000
0.06122
0.02041
0.02041
1.00000
1.00000
0.02041
0.04082
0.16326
0.02041
0.02041
0.06122
0.06122
0.02041
0.02041
0.02041
1.00000
1.00000
0.65306
1.00000
0.02041
0.08163
0.02041
0.02041
0.02041
1.00000
0.04082
1.00000
0.04082
0.02041
0.04082
0.06122
0.08163
0.02041
0.02041
0.28571
1.00000
0.02041
1.00000
0.02041
0.06122
0.02041
0.06122
0.02041
0.02041
0.02041
1.00000
1.00000
0.24490
0.61224
0.04082
0.02041
1.00000
0.02041
0.02041
0.06122
0.02041
1.00000
0.04082
0.61224
1.00000
0.61224
1.00000
1.00000
0.02041
1.00000
1.00000
0.06122
0.24490
1.00000
1.00000
0.02041
0.06122
0.61224
1.00000
0.02041
1.00000
1.00000
1.00000
0.02041
0.02041
0.65306
0.02041
0.02041
0.02041
0.02041
0.16326
0.02041
0.02041
0.02041
0.16326
0.06122
0.02041
0.04082
0.16326
0.24490
0.04082
0.61224
0.06122
1.00000
0.02041
0.02041
0.02041
0.02041
0.02041
0.02041
0.04082
0.16326
0.04082
0.04082
1.00000
0.65306
0.02041
1.00000
0.16326
0.95455
0.02041
0.02041
0.24490
0.16326
0.02041
0.04082
0.08163
0.02041
0.08163
0.02041
1.00000
0.02041
1.00000
1.00000
1.00000
0.07895
0.05128
0.02041
0.16326
0.02041
1.00000
0.16326
0.16326
0.02041
0.05556
0.04082
0.02041
0.02041
0.02041
0.02041
0.02041
0.02041
0.65306
0.06122
0.06122
1.00000
1.00000
0.04082
0.02041
0.02041
0.02041
0.02041
0.02041
0.02041
0.02041
0.61224
0.16326
0.02041
0.02041
0.02041
0.02041
0.04082
0.02041
0.24490
0.61224
0.02041
1.00000
1.00000
0.02041
0.08163
0.16326
0.02041
0.02041
0.02041
0.02041
0.02041
0.02041
1.00000
0.65306
0.02041
0.06122
1.00000
0.04082
1.00000
1.00000
0.02041
0.61224
0.02041
0.02041
0.02041
0.02041
0.04082
1.00000
0.08163
0.04082
0.06122
0.02083
0.02174
0.02128
0.02128
0.61224
0.02041
0.02041
0.08163
0.02041
0.24490
0.02041
0.02041
1.00000
0.65306
0.02041
0.02041
0.02041
0.04082
0.02041
0.02041
0.02041
0.02041
0.04082
0.02041
0.04082
0.02041
0.02041
0.65306
1.00000
0.02041
0.02041
0.02041
1.00000
1.00000
0.04082
1.00000
1.00000
1.00000
0.02041
1.00000
1.00000
1.00000
0.06122
0.04082
0.02041
0.16326
0.02041
0.02041
1.00000
0.02041
1.00000
0.02041
0.02041
0.02041
1.00000
0.08163
0.04082
0.06122
0.06122
0.02041
0.65306
0.02041
0.02041
0.07143
0.02041
0.02041
0.02041
0.02041
1.00000
0.08163
0.06122
1.00000
0.06122
0.02041
0.02041
0.06122
0.04348
0.04082
0.02439
0.04082
0.02041
0.61224
0.08163
0.02041
0.02041
0.02041
1.00000
0.02041
1.00000
1.00000
0.16326
0.02041
1.00000
0.04082
0.61224
0.02041
0.02041
0.02041
0.04082
0.02041
0.02041
1.00000
0.06122
0.04082
0.04082
0.04082
0.02041
0.02041
0.02041
0.02041
0.02041
0.04082
1.00000
0.02041
0.02041
0.06122
1.00000
1.00000
0.04255
0.65306
0.61224
1.00000
0.02041
0.06122
1.00000
0.02041
0.02041
0.16326
0.02041
1.00000
0.02041
0.61224
0.02041
0.02041
0.02041
0.02041
0.02041
0.08163
0.18367
0.02041
0.04082
0.02041
0.28571
0.02041
0.02041
0.02041
0.02041
0.02041
0.65306
1.00000
0.61224
0.02041
0.04082
0.04082
0.16326
0.04082
1.00000
0.04082
1.00000
1.00000
0.06122
0.08163
0.02041
0.02041
1.00000
0.02041
0.02041
0.02041
0.02041
0.02041
1.00000
0.02041
0.16326
1.00000
0.02041
0.02041
0.02041
1.00000
1.00000
0.06667
1.00000
0.02041
0.02041
0.02041
0.06122
0.02041
0.02041
0.02041
0.08163
0.02041
0.02381
0.65306
1.00000
0.65306
0.66667
0.02041
0.02041
0.02041
0.65306
0.04082
0.02041
0.04082
0.05128
0.02041
0.02041
0.02041
1.00000
0.18367
0.06122
0.16326
0.61224
0.65306
0.02041
1.00000
1.00000
0.04082
0.02041
0.65306
0.84615
0.06122
0.02041
1.00000
0.02128
1.00000
0.04082
0.44898
0.02041
0.06122
0.02041
0.02041
0.86957
0.02041
0.02041
0.02041
1.00000
0.06122
0.02326
0.04082
1.00000
0.02174
0.02041
0.02128
1.00000
0.93878
0.02273
0.02273
0.02041
0.02439
0.02041
0.06122
0.02041
0.02041
0.02041
0.02041
0.02041
0.07692
0.06383
0.02041
0.02041
1.00000
0.08163
0.02041
0.02041
0.65306
0.61224
0.02041
0.04082
0.02041
0.04082
0.02041
0.02273
0.02041
1.00000
0.06122
0.02174
0.02041
0.04082
0.02041
0.61224
0.02041
0.06122
0.02041
0.02041
0.02041
0.02041
0.02041
0.02041
0.02041
0.02041
0.02041
0.02128
0.02174
