0.00970873786407767
0.990291262135922
0.0194174757281553
0.00970873786407767
0.135922330097087
0.262135922330097
0.00970873786407767
0.0485436893203883
0.0776699029126214
0.0776699029126214
0.0194174757281553
0.00970873786407767
0.00970873786407767
0.0388349514563107
0.0776699029126214
0.029126213592233
0.0388349514563107
0.0194174757281553
0.00970873786407767
0.029126213592233
0.0776699029126214
0.00970873786407767
0.00970873786407767
0.00970873786407767
0.00970873786407767
0.00970873786407767
0.00970873786407767
0.0194174757281553
0.0388349514563107
0.00970873786407767
0.00970873786407767
0.00970873786407767
0.029126213592233
0.0194174757281553
0.029126213592233
0.00970873786407767
0.427184466019417
0.0194174757281553
0.0194174757281553
0.00970873786407767
0.00970873786407767
0.0194174757281553
0.00970873786407767
0.0194174757281553
0.058252427184466
0.00970873786407767
0.0194174757281553
0.203883495145631
0.00970873786407767
0.990291262135922
0.058252427184466
0.00970873786407767
0.106796116504854
0.00970873786407767
0.0388349514563107
0.0388349514563107
0.00970873786407767
0.0194174757281553
0.00970873786407767
0.0679611650485437
0.00970873786407767
0.106796116504854
0.00970873786407767
0.00970873786407767
0.029126213592233
0.00970873786407767
0.0970873786407767
0.00970873786407767
0.0194174757281553
0.00970873786407767
0.00970873786407767
0.00970873786407767
0.00970873786407767
0.922330097087379
0.029126213592233
0.00970873786407767
0.00970873786407767
0.00970873786407767
0.0194174757281553
0.00970873786407767
0.00970873786407767
0.0388349514563107
0.0194174757281553
0.058252427184466
0.029126213592233
0.00970873786407767
0.00970873786407767
0.0679611650485437
0.0194174757281553
0.00970873786407767
0.00970873786407767
0.00970873786407767
0.00970873786407767
0.00970873786407767
0.00970873786407767
0.00970873786407767
0.00970873786407767
0.029126213592233
0.058252427184466
0.0194174757281553
0.0679611650485437
0.00970873786407767
0.990291262135922
0.0388349514563107
0.029126213592233
0.0388349514563107
0.00970873786407767
0.00970873786407767
0.0388349514563107
0.029126213592233
0.116504854368932
0.58252427184466
0.41747572815534
0.00970873786407767
0.029126213592233
0.00970873786407767
0.00970873786407767
0.0194174757281553
0.029126213592233
0.00970873786407767
0.00970873786407767
0.00970873786407767
0.0194174757281553
0.00970873786407767
0.00970873786407767
0.00970873786407767
0.00970873786407767
0.0194174757281553
0.00970873786407767
0.00970873786407767
0.00970873786407767
0.00970873786407767
0.00970873786407767
0.00970873786407767
0.0485436893203883
0.00970873786407767
0.0194174757281553
0.00970873786407767
0.106796116504854
0.029126213592233
0.029126213592233
0.00970873786407767
0.00970873786407767
0.00970873786407767
0.00970873786407767
0.00970873786407767
0.00970873786407767
0.00970873786407767
0.0194174757281553
0.00970873786407767
0.00970873786407767
0.135922330097087
0.00970873786407767
0.00970873786407767
0.0388349514563107
0.0679611650485437
0.0194174757281553
0.00970873786407767
0.106796116504854
0.00970873786407767
0.0194174757281553
0.0194174757281553
0.0388349514563107
0.0194174757281553
0.029126213592233
0.00970873786407767
0.058252427184466
0.00970873786407767
0.0194174757281553
0.00970873786407767
0.00970873786407767
0.00970873786407767
0.00970873786407767
0.00970873786407767
0.00970873786407767
0.00970873786407767
0.087378640776699
0.00970873786407767
0.029126213592233
1
0.0194174757281553
0.00970873786407767
0.0194174757281553
0.058252427184466
0.0388349514563107
0.029126213592233
0.00970873786407767
0.184466019417476
0.00970873786407767
0.00970873786407767
0.00970873786407767
0.00970873786407767
0.00970873786407767
0.0194174757281553
0.029126213592233
0.029126213592233
0.00970873786407767
0.00970873786407767
0.0194174757281553
0.0485436893203883
0.029126213592233
0.0194174757281553
0.184466019417476
0.00970873786407767
0.058252427184466
0.00970873786407767
0.0194174757281553
0.00970873786407767
0.0970873786407767
0.00970873786407767
0.00970873786407767
0.0194174757281553
0.0388349514563107
0.029126213592233
0.0388349514563107
0.0388349514563107
0.0679611650485437
0.0485436893203883
0.0194174757281553
0.00970873786407767
0.00970873786407767
0.00970873786407767
0.0485436893203883
0.00970873786407767
0.00970873786407767
0.0388349514563107
0.00970873786407767
0.0194174757281553
0.029126213592233
0.0194174757281553
0.029126213592233
0.0194174757281553
0.0194174757281553
0.00970873786407767
0.00970873786407767
0.00970873786407767
0.00970873786407767
0.058252427184466
0.00970873786407767
0.00970873786407767
0.00970873786407767
0.00970873786407767
0.00970873786407767
0.00970873786407767
0.029126213592233
0.00970873786407767
0.00970873786407767
0.00970873786407767
0.0194174757281553
0.00970873786407767
0.00970873786407767
0.00970873786407767
0.00970873786407767
0.00970873786407767
0.135922330097087
0.0194174757281553
0.0679611650485437
0.00970873786407767
0.00970873786407767
0.00970873786407767
0.029126213592233
0.00970873786407767
0.00970873786407767
0.00970873786407767
0.00970873786407767
0.0485436893203883
0.0194174757281553
0.00970873786407767
0.00970873786407767
0.00970873786407767
0.029126213592233
0.00970873786407767
0.00970873786407767
0.00970873786407767
0.00970873786407767
0.058252427184466
0.00970873786407767
0.029126213592233
1
0.029126213592233
0.00970873786407767
0.00970873786407767
0.00970873786407767
0.029126213592233
0.0388349514563107
0.087378640776699
0.0194174757281553
0.106796116504854
0.00970873786407767
0.0388349514563107
0.00970873786407767
0.00970873786407767
0.00970873786407767
0.00970873786407767
0.0194174757281553
0.029126213592233
0.00970873786407767
0.106796116504854
0.00970873786407767
0.0194174757281553
0.029126213592233
0.00970873786407767
0.00970873786407767
0.0388349514563107
0.0194174757281553
0.00970873786407767
0.00970873786407767
0.0388349514563107
0.00970873786407767
0.0679611650485437
0.058252427184466
0.029126213592233
0.00970873786407767
0.00970873786407767
0.00970873786407767
0.029126213592233
0.00970873786407767
0.0194174757281553
0.0194174757281553
0.00970873786407767
0.00970873786407767
0.00970873786407767
0.00970873786407767
0.00970873786407767
0.0194174757281553
0.0679611650485437
0.029126213592233
0.00970873786407767
0.00970873786407767
0.0194174757281553
0.00970873786407767
0.087378640776699
0.00970873786407767
0.0194174757281553
0.0194174757281553
0.087378640776699
0.00970873786407767
0.00970873786407767
0.00970873786407767
0.0388349514563107
0.029126213592233
0.00970873786407767
0.00970873786407767
0.00970873786407767
0.00970873786407767
0.00970873786407767
0.00970873786407767
0.00970873786407767
0.00970873786407767
0.00970873786407767
0.00970873786407767
0.00970873786407767
0.087378640776699
0.00970873786407767
0.0388349514563107
0.00970873786407767
0.00970873786407767
0.029126213592233
0.00970873786407767
0.58252427184466
0.00970873786407767
0.00970873786407767
0.00970873786407767
0.029126213592233
0.058252427184466
0.0388349514563107
1
0.00970873786407767
0.00970873786407767
0.00970873786407767
0.00970873786407767
0.00970873786407767
0.00970873786407767
0.00970873786407767
0.0194174757281553
0.00970873786407767
0.00970873786407767
0.00970873786407767
0.00970873786407767
0.00970873786407767
0.0485436893203883
0.00970873786407767
0.029126213592233
0.00970873786407767
0.0776699029126214
0.00970873786407767
0.00970873786407767
0.0679611650485437
0.00970873786407767
0.00970873786407767
0.00970873786407767
0.00970873786407767
0.00970873786407767
0.00970873786407767
0.00970873786407767
0.00970873786407767
0.00970873786407767
0.029126213592233
0.00970873786407767
0.00970873786407767
0.00970873786407767
0.00970873786407767
0.58252427184466
0.0485436893203883
0.0194174757281553
0.029126213592233
0.00970873786407767
0.00970873786407767
0.00970873786407767
0.00970873786407767
0.00970873786407767
0.00970873786407767
0.00970873786407767
0.00970873786407767
0.00970873786407767
0.0776699029126214
0.00970873786407767
0.00970873786407767
0.0194174757281553
0.00970873786407767
0.0194174757281553
0.00970873786407767
0.0194174757281553
0.00970873786407767
0.0194174757281553
0.00970873786407767
0.00970873786407767
0.00970873786407767
0.0679611650485437
0.0194174757281553
0.00970873786407767
0.00970873786407767
0.0194174757281553
0.0194174757281553
0.00970873786407767
0.0194174757281553
0.00970873786407767
0.00970873786407767
0.00970873786407767
0.00970873786407767
0.135922330097087
0.00970873786407767
0.00970873786407767
0.0194174757281553
0.0970873786407767
0.504854368932039
0.427184466019417
0.00970873786407767
0.00970873786407767
0.0679611650485437
0.00970873786407767
0.0679611650485437
0.00970873786407767
0.058252427184466
0.0194174757281553
0.00970873786407767
0.0388349514563107
0.00970873786407767
0.0388349514563107
0.029126213592233
0.029126213592233
0.00970873786407767
0.58252427184466
0.00970873786407767
0.00970873786407767
0.00970873786407767
0.00970873786407767
0.00970873786407767
0.00970873786407767
0.00970873786407767
0.00970873786407767
0.0194174757281553
0.00970873786407767
0.00970873786407767
0.00970873786407767
0.00970873786407767
0.00970873786407767
0.00970873786407767
0.00970873786407767
0.00970873786407767
0.00970873786407767
0.00970873786407767
0.00970873786407767
0.029126213592233
0.0194174757281553
0.00970873786407767
0.00970873786407767
0.00970873786407767
0.00970873786407767
0.00970873786407767
0.00970873786407767
0.00970873786407767
0.029126213592233
0.00970873786407767
1
0.00970873786407767
0.00970873786407767
0.135922330097087
0.135922330097087
0.00970873786407767
0.0388349514563107
0.00970873786407767
0.058252427184466
0.00970873786407767
0.029126213592233
0.00970873786407767
0.00970873786407767
0.00970873786407767
0.00970873786407767
0.029126213592233
0.00970873786407767
0.00970873786407767
0.00970873786407767
0.0679611650485437
0.00970873786407767
0.0388349514563107
0.0485436893203883
0.0388349514563107
0.0679611650485437
0.029126213592233
0.0194174757281553
0.00970873786407767
0.00970873786407767
0.00970873786407767
0.00970873786407767
0.00970873786407767
0.00970873786407767
0.00970873786407767
0.0194174757281553
0.0388349514563107
0.00970873786407767
0.689320388349515
0.00970873786407767
0.00970873786407767
0.0194174757281553
0.00970873786407767
0.0388349514563107
0.00970873786407767
0.058252427184466
0.0194174757281553
0.029126213592233
0.00970873786407767
0.00970873786407767
0.0679611650485437
0.029126213592233
0.0194174757281553
0.00970873786407767
0.00970873786407767
0.00970873786407767
0.00970873786407767
0.0485436893203883
0.029126213592233
0.00970873786407767
0.00970873786407767
0.00970873786407767
0.00970873786407767
0.00970873786407767
0.00970873786407767
0.0388349514563107
0.029126213592233
0.00970873786407767
0.0970873786407767
0.00970873786407767
0.106796116504854
0.00970873786407767
0.0194174757281553
0.0776699029126214
0.00970873786407767
0.00970873786407767
0.00970873786407767
0.0194174757281553
0.029126213592233
0.0388349514563107
0.00970873786407767
0.029126213592233
0.00970873786407767
0.00970873786407767
0.00970873786407767
0.00970873786407767
0.0194174757281553
0.16504854368932
0.029126213592233
0.00970873786407767
0.0194174757281553
0.00970873786407767
0.00970873786407767
0.0194174757281553
0.00970873786407767
0.00970873786407767
0.00970873786407767
0.00970873786407767
0.029126213592233
0.0194174757281553
0.0194174757281553
0.029126213592233
0.0388349514563107
0.00970873786407767
0.029126213592233
0.00970873786407767
0.0485436893203883
0.00970873786407767
0.00970873786407767
0.00970873786407767
0.0194174757281553
0.00970873786407767
0.029126213592233
0.00970873786407767
0.029126213592233
0.00970873786407767
0.029126213592233
0.029126213592233
0.0485436893203883
0.087378640776699
0.00970873786407767
0.0194174757281553
0.980582524271845
0.0485436893203883
0.427184466019417
0.00970873786407767
0.00970873786407767
0.00970873786407767
0.00970873786407767
0.029126213592233
0.029126213592233
0.0194174757281553
0.00970873786407767
0.029126213592233
0.00970873786407767
0.00970873786407767
0.029126213592233
0.0194174757281553
0.427184466019417
0.00970873786407767
0.0194174757281553
0.00970873786407767
0.00970873786407767
0.029126213592233
0.029126213592233
0.00970873786407767
0.00970873786407767
0.029126213592233
0.0194174757281553
0.0388349514563107
0.029126213592233
0.00970873786407767
0.0194174757281553
0.00970873786407767
0.00970873786407767
0.00970873786407767
0.553398058252427
0.00970873786407767
0.00970873786407767
0.00970873786407767
0.0194174757281553
1
0.00970873786407767
0.0194174757281553
0.00970873786407767
0.0194174757281553
0.00970873786407767
0.00970873786407767
0.00970873786407767
0.00970873786407767
0.00970873786407767
0.00970873786407767
0.087378640776699
0.0194174757281553
0.00970873786407767
0.0388349514563107
0.00970873786407767
0.00970873786407767
0.0194174757281553
0.00970873786407767
0.00970873786407767
0.00970873786407767
0.0485436893203883
0.00970873786407767
0.00970873786407767
0.00970873786407767
0.00970873786407767
0.0194174757281553
0.0388349514563107
0.0194174757281553
0.00970873786407767
0.00970873786407767
0.00970873786407767
0.0388349514563107
0.00970873786407767
0.00970873786407767
0.00970873786407767
0.00970873786407767
0.0776699029126214
0.087378640776699
0.0194174757281553
0.029126213592233
0.0485436893203883
0.145631067961165
0.0194174757281553
0.0194174757281553
0.0194174757281553
0.0194174757281553
0.0388349514563107
0.0194174757281553
0.0194174757281553
0.0485436893203883
0.00970873786407767
0.00970873786407767
0.00970873786407767
0.145631067961165
0.00970873786407767
0.00970873786407767
0.087378640776699
0.087378640776699
0.029126213592233
0.00970873786407767
0.00970873786407767
0.0388349514563107
0.407766990291262
0.0485436893203883
0.00970873786407767
0.0194174757281553
0.0194174757281553
0.00970873786407767
0.135922330097087
0.00970873786407767
0.00970873786407767
0.00970873786407767
0.00970873786407767
0.0194174757281553
0.00970873786407767
0.029126213592233
0.00970873786407767
0.00970873786407767
0.00970873786407767
0.0194174757281553
0.00970873786407767
0.0388349514563107
0.00970873786407767
0.116504854368932
0.0388349514563107
0.0194174757281553
0.058252427184466
0.0388349514563107
0.00970873786407767
0.0388349514563107
0.12621359223301
0.00970873786407767
0.00970873786407767
0.00970873786407767
0.058252427184466
0.0485436893203883
0.029126213592233
0.0388349514563107
0.12621359223301
0.0485436893203883
0.213592233009709
0.00970873786407767
0.0485436893203883
0.00970873786407767
0.00970873786407767
0.0485436893203883
0.029126213592233
0.00970873786407767
0.00970873786407767
0.00970873786407767
0.0194174757281553
0.00970873786407767
0.00970873786407767
0.330097087378641
0.106796116504854
0.00970873786407767
0.00970873786407767
0.514563106796116
0.00970873786407767
