0.0101010101010101
0.0101010101010101
0.0101010101010101
0.0303030303030303
0.585858585858586
0.0202020202020202
0.0101010101010101
0.0202020202020202
0.0101010101010101
0.181818181818182
0.111111111111111
0.0202020202020202
0.0404040404040404
0.0101010101010101
0.0707070707070707
0.0404040404040404
0.0303030303030303
0.0202020202020202
0.0909090909090909
0.0808080808080808
0.0101010101010101
0.0202020202020202
0.0202020202020202
0.0101010101010101
0.0505050505050505
0.0303030303030303
0.0101010101010101
0.0101010101010101
0.0202020202020202
0.0101010101010101
0.0707070707070707
0.0101010101010101
0.0303030303030303
0.0101010101010101
0.0101010101010101
0.0101010101010101
0.0505050505050505
0.0202020202020202
0.0505050505050505
0.0707070707070707
0.0101010101010101
0.0101010101010101
0.171717171717172
0.0101010101010101
0.0303030303030303
0.0202020202020202
0.0101010101010101
0.0101010101010101
0.0101010101010101
0.0101010101010101
0.0101010101010101
0.0101010101010101
0.0101010101010101
0.0101010101010101
0.191919191919192
0.0101010101010101
1
0.0303030303030303
0.0505050505050505
0.0202020202020202
0.0101010101010101
0.0101010101010101
0.0101010101010101
0.0202020202020202
0.0606060606060606
0.0101010101010101
0.0101010101010101
0.96969696969697
0.0101010101010101
0.0101010101010101
0.0303030303030303
0.0202020202020202
0.0505050505050505
0.0303030303030303
0.0101010101010101
0.111111111111111
0.0101010101010101
0.0101010101010101
0.141414141414141
0.0101010101010101
0.0202020202020202
0.0101010101010101
0.0101010101010101
0.0101010101010101
0.0101010101010101
0.0101010101010101
0.0101010101010101
0.595959595959596
0.0101010101010101
0.202020202020202
0.0101010101010101
0.0101010101010101
0.0101010101010101
0.484848484848485
0.515151515151515
0.101010101010101
0.0101010101010101
0.0101010101010101
0.0101010101010101
0.0101010101010101
0.0101010101010101
0.0101010101010101
0.0303030303030303
0.0101010101010101
0.0606060606060606
0.0101010101010101
0.0101010101010101
0.0101010101010101
0.0101010101010101
0.0101010101010101
0.0202020202020202
0.0101010101010101
0.0101010101010101
0.0101010101010101
0.0101010101010101
0.0202020202020202
0.0101010101010101
0.0101010101010101
0.0101010101010101
0.0101010101010101
0.0101010101010101
0.0101010101010101
0.0101010101010101
0.181818181818182
0.0303030303030303
0.0101010101010101
0.0101010101010101
0.0101010101010101
0.0101010101010101
0.0101010101010101
0.0101010101010101
0.0303030303030303
0.0202020202020202
0.0202020202020202
0.0101010101010101
0.0101010101010101
0.0101010101010101
0.0101010101010101
0.0303030303030303
0.0202020202020202
0.0101010101010101
0.96969696969697
0.0101010101010101
0.0101010101010101
0.101010101010101
0.0101010101010101
0.0101010101010101
0.0101010101010101
0.0707070707070707
0.0101010101010101
0.0101010101010101
0.0101010101010101
0.0505050505050505
0.0303030303030303
0.0101010101010101
0.0101010101010101
0.0101010101010101
0.0101010101010101
0.0101010101010101
0.0202020202020202
0.0303030303030303
0.0101010101010101
0.0202020202020202
0.0303030303030303
0.0101010101010101
0.0909090909090909
0.0101010101010101
0.0101010101010101
0.0101010101010101
0.0101010101010101
0.0202020202020202
0.0101010101010101
0.0202020202020202
0.0101010101010101
0.0101010101010101
0.0101010101010101
0.0101010101010101
0.0101010101010101
0.0101010101010101
0.0101010101010101
0.0101010101010101
0.0202020202020202
0.0101010101010101
0.0101010101010101
0.0202020202020202
0.0202020202020202
0.0101010101010101
0.0101010101010101
0.0202020202020202
0.0101010101010101
0.0101010101010101
0.0101010101010101
0.0101010101010101
0.0101010101010101
0.0101010101010101
0.0101010101010101
0.0101010101010101
0.0101010101010101
0.0101010101010101
0.0101010101010101
0.0101010101010101
0.0101010101010101
0.0202020202020202
0.0101010101010101
0.0202020202020202
0.0101010101010101
0.0101010101010101
0.0101010101010101
0.0404040404040404
0.0101010101010101
0.0101010101010101
0.0101010101010101
0.0101010101010101
0.636363636363636
0.0101010101010101
0.0101010101010101
0.0101010101010101
0.0202020202020202
0.0101010101010101
0.0101010101010101
0.0101010101010101
0.0202020202020202
0.0404040404040404
0.0101010101010101
0.0101010101010101
0.0101010101010101
0.0202020202020202
0.0101010101010101
0.0101010101010101
0.0101010101010101
0.0101010101010101
0.0101010101010101
0.0101010101010101
0.0101010101010101
0.0101010101010101
0.0101010101010101
0.0101010101010101
0.0101010101010101
0.0808080808080808
0.0303030303030303
0.0202020202020202
0.0101010101010101
0.0101010101010101
0.0101010101010101
0.0101010101010101
0.0202020202020202
0.0101010101010101
0.0202020202020202
0.0101010101010101
0.0101010101010101
0.0101010101010101
0.0202020202020202
0.0101010101010101
0.0101010101010101
0.0101010101010101
0.0101010101010101
0.0101010101010101
0.0101010101010101
0.0101010101010101
0.101010101010101
0.101010101010101
0.0101010101010101
0.0101010101010101
0.0101010101010101
0.0101010101010101
0.0202020202020202
1
0.0101010101010101
0.0101010101010101
0.0101010101010101
0.0101010101010101
0.0808080808080808
0.0101010101010101
0.0101010101010101
0.0303030303030303
0.0101010101010101
0.0303030303030303
0.0101010101010101
0.0101010101010101
0.0101010101010101
0.0101010101010101
0.0101010101010101
0.0101010101010101
0.0404040404040404
0.0101010101010101
0.0101010101010101
0.0101010101010101
0.0202020202020202
0.0101010101010101
0.0202020202020202
0.0101010101010101
0.101010101010101
0.0101010101010101
0.0101010101010101
0.0909090909090909
0.0303030303030303
0.0101010101010101
0.0303030303030303
0.0101010101010101
0.0101010101010101
0.0202020202020202
0.0101010101010101
0.0101010101010101
0.0202020202020202
0.0101010101010101
0.0101010101010101
0.0202020202020202
0.0101010101010101
0.0101010101010101
0.0101010101010101
0.0101010101010101
0.0101010101010101
0.0101010101010101
0.0101010101010101
0.0202020202020202
0.0202020202020202
0.0101010101010101
0.0101010101010101
0.0202020202020202
0.0101010101010101
0.0101010101010101
0.191919191919192
0.0909090909090909
0.0303030303030303
0.0101010101010101
0.101010101010101
0.0101010101010101
0.0101010101010101
0.0101010101010101
0.0303030303030303
0.0101010101010101
0.0101010101010101
0.0101010101010101
0.0202020202020202
0.0202020202020202
0.0202020202020202
0.0101010101010101
0.0101010101010101
0.0909090909090909
0.0202020202020202
0.0202020202020202
0.0101010101010101
0.0101010101010101
0.0202020202020202
0.0101010101010101
0.0101010101010101
0.0101010101010101
0.0101010101010101
0.0202020202020202
0.171717171717172
0.0303030303030303
0.0202020202020202
0.0202020202020202
0.0202020202020202
0.0101010101010101
0.212121212121212
0.0101010101010101
0.0101010101010101
0.0606060606060606
0.0101010101010101
0.565656565656566
0.0101010101010101
0.0707070707070707
0.0101010101010101
0.0101010101010101
0.0101010101010101
0.0606060606060606
0.0101010101010101
0.0404040404040404
0.0303030303030303
0.0101010101010101
0.0101010101010101
0.212121212121212
0.0101010101010101
0.0202020202020202
0.212121212121212
0.0202020202020202
0.0101010101010101
0.0606060606060606
0.0101010101010101
0.0202020202020202
0.0101010101010101
0.0101010101010101
0.0707070707070707
0.0303030303030303
0.0202020202020202
0.171717171717172
0.0101010101010101
0.0101010101010101
0.0202020202020202
0.0101010101010101
0.0202020202020202
0.0202020202020202
0.0303030303030303
0.0101010101010101
0.0303030303030303
0.0101010101010101
0.0101010101010101
0.0101010101010101
0.0101010101010101
0.121212121212121
0.0101010101010101
0.0202020202020202
0.0101010101010101
0.0101010101010101
0.0101010101010101
0.0101010101010101
0.0101010101010101
0.0101010101010101
0.0101010101010101
0.101010101010101
0.0303030303030303
0.0101010101010101
0.0303030303030303
0.0101010101010101
0.0101010101010101
0.101010101010101
0.0101010101010101
0.0101010101010101
0.0202020202020202
0.0101010101010101
0.0101010101010101
0.0202020202020202
0.0101010101010101
0.0101010101010101
0.0101010101010101
0.0101010101010101
0.0101010101010101
0.0202020202020202
0.0101010101010101
0.0202020202020202
0.0101010101010101
0.0101010101010101
0.0202020202020202
0.0101010101010101
0.0202020202020202
0.0101010101010101
0.0101010101010101
0.0202020202020202
0.0101010101010101
0.0101010101010101
0.0101010101010101
0.0202020202020202
0.0303030303030303
0.0101010101010101
0.0404040404040404
0.0101010101010101
0.0808080808080808
0.0101010101010101
0.0101010101010101
0.0101010101010101
0.0101010101010101
0.0101010101010101
0.0101010101010101
0.0101010101010101
0.0101010101010101
0.0202020202020202
0.0101010101010101
0.0202020202020202
0.0101010101010101
0.0101010101010101
0.565656565656566
0.0909090909090909
0.0606060606060606
0.0707070707070707
0.0101010101010101
0.0101010101010101
0.0101010101010101
0.0202020202020202
0.101010101010101
0.0101010101010101
0.111111111111111
0.0303030303030303
0.0101010101010101
0.0101010101010101
0.0101010101010101
0.0101010101010101
0.0101010101010101
0.0101010101010101
0.0505050505050505
0.0101010101010101
0.0303030303030303
0.0909090909090909
1
0.0101010101010101
0.0101010101010101
0.171717171717172
0.0101010101010101
0.0303030303030303
0.0101010101010101
0.0101010101010101
0.0101010101010101
0.101010101010101
0.0101010101010101
0.0101010101010101
0.0101010101010101
0.0202020202020202
0.0202020202020202
0.0202020202020202
0.0101010101010101
0.0101010101010101
0.0101010101010101
0.0101010101010101
0.0101010101010101
0.0505050505050505
0.0303030303030303
0.0202020202020202
0.0101010101010101
0.0404040404040404
0.101010101010101
0.0202020202020202
0.0101010101010101
0.0101010101010101
0.0505050505050505
0.0707070707070707
0.0404040404040404
0.0101010101010101
0.0101010101010101
0.0101010101010101
0.171717171717172
0.0404040404040404
0.0303030303030303
0.0101010101010101
0.0101010101010101
0.0303030303030303
0.0505050505050505
0.0202020202020202
0.0303030303030303
0.0303030303030303
0.0404040404040404
0.0101010101010101
0.0101010101010101
0.111111111111111
0.0909090909090909
0.0101010101010101
0.0303030303030303
0.0101010101010101
0.0202020202020202
0.0303030303030303
0.0202020202020202
0.0101010101010101
0.0101010101010101
0.0606060606060606
0.0101010101010101
0.111111111111111
0.0101010101010101
0.0101010101010101
0.0303030303030303
0.0505050505050505
0.0808080808080808
0.0404040404040404
0.0505050505050505
0.0101010101010101
0.0101010101010101
0.0202020202020202
0.0202020202020202
0.101010101010101
0.0505050505050505
0.0303030303030303
0.101010101010101
0.191919191919192
0.0101010101010101
0.0101010101010101
0.0202020202020202
0.0101010101010101
0.0202020202020202
0.0404040404040404
0.0202020202020202
0.0202020202020202
0.0303030303030303
0.111111111111111
0.0101010101010101
0.0101010101010101
0.0101010101010101
0.0505050505050505
0.0101010101010101
0.0101010101010101
0.0101010101010101
0.0101010101010101
0.585858585858586
0.0202020202020202
0.0101010101010101
