1.00000
0.02083
0.28846
0.86047
1.00000
1.00000
0.01923
1.00000
0.01923
0.07692
0.01923
0.90385
0.08333
0.01923
0.01923
0.01923
1.00000
0.01923
0.01923
0.01923
0.01923
0.01923
0.05769
0.01923
1.00000
0.01923
1.00000
0.90385
0.01923
1.00000
1.00000
0.03846
1.00000
0.01923
0.07692
1.00000
0.01923
1.00000
0.01923
0.90385
0.90385
0.88636
0.07500
0.01923
0.09302
0.01923
0.03846
0.01923
1.00000
0.01923
0.01923
0.01923
0.90385
0.90385
0.90385
0.40385
0.07692
0.40385
0.01923
0.88889
0.07692
0.07692
0.07692
0.03030
0.01923
1.00000
0.01923
1.00000
0.30769
1.00000
0.01923
0.01923
0.90385
0.02083
0.01923
0.01923
0.01923
1.00000
1.00000
0.01923
1.00000
0.90385
1.00000
0.01923
0.01923
1.00000
1.00000
0.01923
0.02941
1.00000
0.01923
0.90385
0.01923
0.01923
0.90385
0.05769
0.01923
0.01923
0.07692
0.01923
0.03846
0.05769
0.01923
0.98077
0.90385
0.07692
0.01923
1.00000
0.01923
0.01923
0.01923
1.00000
1.00000
0.01923
0.01923
0.01961
0.01923
1.00000
0.05769
1.00000
0.07692
0.01923
0.01923
0.01923
1.00000
1.00000
0.01923
0.01923
0.01923
0.01923
0.90385
0.01923
0.07692
0.01923
1.00000
0.90385
0.07692
1.00000
0.03846
0.02128
0.01961
0.02000
1.00000
1.00000
1.00000
1.00000
0.01923
0.01923
0.07692
0.01923
0.01923
0.01923
0.01923
0.88235
0.07692
0.01923
0.01923
1.00000
0.01923
0.01923
0.90385
0.01923
1.00000
0.01923
1.00000
0.03846
1.00000
0.11538
1.00000
0.01923
0.01923
0.01923
0.07692
0.03846
0.07692
0.01923
0.06000
0.01923
1.00000
0.01923
0.01923
1.00000
0.01923
0.01923
0.01923
0.01923
1.00000
0.01923
1.00000
0.01923
1.00000
1.00000
0.03846
0.01923
0.01923
0.90385
1.00000
0.15625
1.00000
0.01923
0.01923
0.01923
0.01923
1.00000
1.00000
0.01923
0.01923
0.01923
1.00000
0.88636
0.01923
0.01923
0.01923
0.07692
0.40385
0.01923
0.48077
0.01923
0.01923
0.02439
0.01923
0.46154
0.01923
0.01923
0.01923
1.00000
0.01923
1.00000
0.98077
0.01923
0.06383
0.04000
0.90385
1.00000
0.01923
0.01923
0.01923
1.00000
0.01923
0.01923
0.90385
0.01923
0.90385
0.02083
1.00000
1.00000
0.01923
0.01923
0.07692
0.01923
0.01923
0.01923
0.07692
0.01923
0.01923
0.02778
0.01923
0.85714
0.01923
0.07692
1.00000
1.00000
1.00000
1.00000
0.88636
0.01923
1.00000
0.07692
1.00000
0.01923
0.05769
0.01923
0.01923
0.07692
0.01923
1.00000
0.01923
0.01923
0.01923
1.00000
0.08108
0.04651
1.00000
0.02381
0.07692
0.28846
0.01923
0.01923
0.01923
1.00000
1.00000
0.01923
1.00000
0.97619
0.01923
0.03846
0.01923
1.00000
1.00000
0.01923
0.07692
1.00000
0.01923
0.03846
1.00000
0.07692
0.01923
0.90385
0.90385
0.06977
0.01923
0.01923
0.01923
0.01923
0.01923
0.01923
1.00000
0.05769
0.11111
0.07692
0.90385
0.07692
0.01923
0.01923
0.01923
0.01923
1.00000
0.01923
0.07692
1.00000
0.01923
0.01961
0.01923
0.01923
0.90385
0.90385
0.01923
0.02326
0.04082
1.00000
0.01923
0.05769
0.01923
0.07692
1.00000
0.01923
1.00000
1.00000
0.02326
0.01923
1.00000
0.01923
0.07692
0.01923
1.00000
0.04546
0.01923
0.03846
0.01923
0.02941
1.00000
0.07692
0.04651
0.02174
0.02041
0.01923
0.01923
0.05128
1.00000
0.46154
1.00000
0.03846
1.00000
0.07692
0.04546
0.07317
1.00000
0.07692
0.90385
0.01923
1.00000
0.01923
0.01923
0.07692
1.00000
1.00000
0.01923
0.01923
0.01923
0.04000
0.05769
0.90385
0.07692
0.02500
1.00000
0.03846
0.01923
0.02128
0.06818
0.90385
0.03846
0.01923
0.01923
0.07692
0.01923
0.01923
0.40385
0.07692
0.01923
0.07692
0.90385
0.01923
1.00000
1.00000
1.00000
0.01923
0.01961
1.00000
0.01923
0.01923
0.01923
0.01923
0.01923
0.04762
0.01923
1.00000
0.90385
0.01923
1.00000
0.01923
0.90385
1.00000
1.00000
0.01923
0.01923
0.40385
0.01923
0.02000
0.01923
0.90385
1.00000
0.01923
0.01923
0.03846
0.01923
1.00000
1.00000
1.00000
0.01923
0.01923
0.90385
0.01923
1.00000
0.01923
0.01923
0.01923
1.00000
0.01923
0.01923
0.01923
0.01923
1.00000
1.00000
0.90385
0.40385
0.01923
0.90385
0.01923
0.01923
0.01923
0.01923
0.01923
0.02326
0.03125
0.01923
0.01923
0.01923
0.07692
0.90000
0.01923
1.00000
1.00000
1.00000
0.01923
0.01923
0.01923
0.07692
1.00000
1.00000
0.01923
1.00000
0.02632
1.00000
0.01923
0.01923
0.01923
1.00000
0.05769
0.90385
1.00000
0.03846
0.01923
0.01923
0.90385
1.00000
0.01923
0.01923
0.01923
0.01923
0.01923
0.03226
0.01923
0.01923
0.01923
0.01923
1.00000
0.07692
0.28846
0.01923
0.01923
1.00000
0.01923
1.00000
0.40385
0.01923
0.01923
1.00000
0.01923
0.03846
1.00000
0.90385
0.28846
0.90385
1.00000
0.01923
0.01923
0.01923
1.00000
1.00000
0.01923
0.01923
0.01923
0.12121
0.33333
0.01923
0.01923
0.01961
0.01923
0.10256
1.00000
0.08696
0.02273
0.90385
1.00000
0.01923
1.00000
0.05769
1.00000
0.07692
0.03846
0.01923
0.90385
0.01923
0.07692
1.00000
0.88889
0.01923
1.00000
1.00000
0.01923
0.01923
0.03846
1.00000
0.01923
0.01923
0.07692
0.01923
0.01923
0.01923
0.01923
0.01923
0.90385
0.01923
0.01923
1.00000
1.00000
0.07692
0.07692
0.03846
0.01923
0.01923
0.07692
0.01923
0.08163
0.01923
0.90385
0.01923
0.01923
0.01923
0.85366
0.01923
1.00000
0.01923
0.07692
0.01923
0.01923
0.01923
0.01923
0.95238
0.07500
0.05263
0.07692
0.01923
0.01923
0.01923
0.90385
0.01923
0.90385
0.01923
0.90385
1.00000
0.01923
1.00000
0.01923
1.00000
0.01923
0.01923
0.01923
1.00000
1.00000
0.07692
0.01923
1.00000
0.01923
0.07692
0.90385
0.01923
0.03846
0.98077
0.01923
0.01923
0.06522
0.02041
0.02381
0.03846
0.07692
0.98077
0.01923
0.90385
0.01923
1.00000
0.11765
0.50000
0.20513
0.01923
0.01923
0.02174
0.04348
0.90385
0.90385
0.90385
0.01923
0.01923
0.01923
0.01923
0.01923
1.00000
0.07692
0.40385
0.01923
0.07692
0.01923
0.03846
0.40385
0.90385
0.01923
0.01923
0.03846
0.40385
0.07692
0.90385
0.01923
1.00000
0.01923
0.07692
0.01923
0.01923
0.92157
1.00000
0.01923
0.07692
0.01923
0.01923
0.90385
0.01923
1.00000
0.01923
0.01923
1.00000
0.07692
0.01923
0.01923
1.00000
0.07692
1.00000
1.00000
1.00000
0.01923
0.01923
0.07692
0.90385
0.01923
0.01923
0.01923
0.01923
0.03922
0.02000
0.90385
0.90385
0.01923
0.90385
0.07692
0.01923
1.00000
0.01923
1.00000
1.00000
0.01923
0.01923
1.00000
1.00000
0.90385
0.01923
0.03846
0.01923
0.01923
0.01923
0.95652
0.90385
1.00000
1.00000
0.01923
0.98077
0.02083
0.01923
0.09091
1.00000
0.01923
0.01923
0.01923
1.00000
1.00000
0.90385
1.00000
0.04546
0.90385
1.00000
0.90385
0.01923
0.01923
0.90385
1.00000
0.01923
0.02174
0.07692
0.90385
1.00000
0.07692
0.01923
0.07692
0.01923
0.07692
0.42000
0.01923
0.01923
0.05769
0.07692
0.90385
1.00000
0.01923
0.07692
1.00000
0.01923
1.00000
1.00000
1.00000
0.01923
0.07692
0.03846
1.00000
0.90385
0.01923
0.01923
1.00000
0.01923
0.01923
0.01923
1.00000
0.50000
0.90385
0.07692
0.01923
0.90385
0.01923
0.01923
1.00000
0.01923
1.00000
0.01923
0.12821
0.01923
0.01923
1.00000
0.01923
0.90385
1.00000
0.01923
0.97561
0.01923
0.01923
0.01923
0.01923
0.01923
0.01923
0.01923
0.01923
1.00000
0.01923
0.97436
0.02439
0.07317
0.01923
0.01923
0.01923
1.00000
1.00000
0.01923
0.03846
0.01923
0.07692
1.00000
0.02174
1.00000
0.01923
0.01923
0.01923
0.01923
0.01923
0.90385
0.01923
1.00000
1.00000
0.07692
0.11538
0.01923
0.01923
0.07692
0.90385
0.01923
0.01923
0.07692
1.00000
1.00000
1.00000
0.01923
0.01923
1.00000
0.07692
0.01923
0.01923
0.01923
1.00000
0.90385
0.03846
0.86957
0.02381
0.02000
0.02222
0.04762
0.05263
1.00000
0.02041
0.48077
0.01923
0.01923
0.90385
0.04762
0.90385
0.01923
0.01923
1.00000
0.01923
0.90385
0.01923
0.01923
0.01923
0.01923
0.04444
1.00000
0.01923
0.05769
0.01923
0.90385
0.01923
1.00000
0.01923
0.05769
0.01923
0.01923
0.01923
1.00000
1.00000
1.00000
0.01923
1.00000
0.02632
0.90385
0.23809
0.07692
0.95745
1.00000
1.00000
0.01923
0.01923
0.01923
0.02083
0.01923
1.00000
0.90385
0.01923
0.07692
0.90385
0.07692
0.90385
0.01923
0.01923
1.00000
0.01923
0.01923
1.00000
0.01923
1.00000
1.00000
0.90385
0.01923
1.00000
0.10714
0.01923
0.90385
0.01923
1.00000
0.05769
0.01923
0.02326
0.04255
0.06667
0.10638
0.72222
0.02632
0.06250
0.02174
0.04546
0.02083
0.01923
0.01923
0.48077
0.05000
0.06977
0.23913
0.11628
0.08571
0.06383
0.02222
0.04762
0.07692
0.02222
0.01923
0.01923
0.01923
0.01923
0.01923
0.01923
0.06122
0.07692
0.01923
0.03846
0.02564
0.04546
0.08696
0.89796
0.05769
0.04762
0.07692
1.00000
0.07692
0.01923
0.07692
0.06250
1.00000
0.02703
0.05769
0.01923
0.01923
0.01923
0.01923
1.00000
0.03846
0.01923
0.04878
0.07692
1.00000
0.07692
0.01923
1.00000
0.07692
0.01923
1.00000
0.01923
0.01923
0.01923
0.01923
0.07692
0.90385
0.01923
0.02000
0.01923
0.01923
0.01923
0.01923
1.00000
0.01923
1.00000
0.01923
0.01923
0.01923
0.01923
0.04651
0.01923
0.90385
0.88095
0.01923
1.00000
0.06250
0.04348
0.01923
1.00000
0.03846
0.01923
1.00000
0.90385
1.00000
0.01923
0.01923
1.00000
0.01923
0.90385
0.90385
1.00000
0.01923
0.01923
0.01923
0.06122
0.90385
0.01923
0.01923
0.07692
1.00000
0.90385
0.93548
0.04000
0.90385
0.04546
0.04651
0.01923
0.01923
0.11905
0.01923
0.01923
0.07692
1.00000
0.03846
1.00000
0.07692
1.00000
0.90385
0.07692
0.01923
0.01923
0.01923
0.90385
0.02326
0.01923
0.07692
0.90385
1.00000
1.00000
0.07692
1.00000
0.01923
0.90385
0.12500
0.07692
0.90385
0.01923
0.01923
0.01923
0.90385
0.11905
1.00000
0.01923
0.01923
0.01923
0.05000
0.01923
0.06977
0.01923
0.01923
0.01923
0.02174
0.07692
1.00000
0.90385
0.01923
0.03846
0.90385
0.90385
0.07692
1.00000
0.03846
0.07692
0.01923
0.01923
0.02222
0.02000
0.01923
0.07692
0.01923
0.01923
0.01923
0.01923
0.01923
0.07692
0.01923
0.04167
0.01923
0.03846
0.02041
0.07692
0.90385
0.08889
0.01923
0.01923
0.01923
0.07692
0.07692
0.01923
0.01923
0.01923
0.02381
0.01923
0.03125
0.01923
0.01923
0.07692
0.90385
0.01923
0.90385
0.01923
0.07692
0.01923
1.00000
0.90385
1.00000
0.07692
1.00000
0.02381
0.01923
0.90385
0.01923
0.90196
0.01923
0.01923
0.02439
0.01923
0.01923
1.00000
0.01923
0.01923
0.07692
1.00000
0.02083
0.01923
0.01923
0.01923
1.00000
0.63889
0.01923
0.01923
0.28846
0.03846
1.00000
0.01923
0.05769
0.02174
0.04762
0.05769
0.01923
0.04167
1.00000
0.01923
0.01961
1.00000
0.01923
0.01923
0.01923
0.90385
1.00000
0.01923
1.00000
0.90385
0.07692
1.00000
0.35417
0.01923
0.01923
0.03846
0.01923
1.00000
0.02632
0.01923
0.01923
0.90385
0.07692
0.01923
0.07692
0.01923
1.00000
0.07692
0.07692
0.01923
0.01923
1.00000
0.90385
0.01923
1.00000
1.00000
1.00000
1.00000
0.06122
0.01923
0.07692
1.00000
0.01923
0.01923
0.01923
1.00000
0.01923
0.01923
0.07692
0.01923
0.01923
0.03846
1.00000
0.01923
0.01923
1.00000
0.05556
0.90385
0.01923
0.90385
1.00000
1.00000
0.02222
0.01923
0.01923
0.01923
0.01923
0.01923
0.03846
0.01923
0.01923
1.00000
0.01923
0.90385
0.01923
0.01923
0.01923
0.01923
0.01923
0.01923
1.00000
0.86486
0.01923
1.00000
0.01923
0.50000
0.01923
0.01923
0.04082
0.07692
1.00000
0.07692
0.07692
0.48077
0.01923
1.00000
0.50000
0.01923
0.01923
0.48077
0.01923
0.10526
0.01923
0.05769
1.00000
0.03846
0.90385
0.01923
0.01923
1.00000
0.01923
0.01923
0.02174
0.40385
0.01923
0.07692
1.00000
1.00000
0.01923
1.00000
1.00000
0.07692
1.00000
1.00000
0.02500
0.01923
0.02222
1.00000
0.01923
0.14000
0.02083
1.00000
0.90385
0.07692
0.01923
0.90385
1.00000
0.90385
1.00000
0.97368
0.90385
1.00000
0.01923
0.01923
1.00000
0.01923
0.01923
0.03846
0.90385
0.01961
0.01923
1.00000
0.01923
0.01923
0.07692
0.01923
0.05128
0.01923
0.01923
0.01923
1.00000
0.01923
0.90385
1.00000
1.00000
0.90385
0.07692
0.90385
0.03846
0.01923
0.07692
0.01923
0.01923
0.90385
0.84444
0.01923
0.01923
0.01923
0.01923
0.03846
0.02174
0.01923
0.03846
1.00000
1.00000
0.01923
0.04348
0.90385
1.00000
0.01923
0.08889
0.01923
0.90385
0.03846
0.07692
1.00000
0.01923
0.03846
0.04167
0.07692
0.01923
0.01923
0.01923
1.00000
0.07692
0.01923
0.07692
0.03846
0.04878
0.06977
0.01923
0.01923
0.07692
0.01923
0.01923
0.01923
0.01923
0.01923
0.01923
0.48077
0.01923
1.00000
1.00000
0.01923
0.01923
0.16326
0.01923
0.01923
0.90385
1.00000
0.07692
0.03922
0.01923
0.01923
0.03846
1.00000
0.01923
1.00000
0.01923
0.01923
0.01923
0.01923
0.01923
1.00000
0.90385
0.01923
1.00000
0.01923
0.07692
0.07692
1.00000
0.01923
0.01923
0.01923
0.01923
0.07692
1.00000
0.07692
0.07692
0.01923
0.01923
1.00000
0.10526
1.00000
0.01923
0.01923
1.00000
0.01923
0.48077
1.00000
0.01923
0.01923
0.90385
0.02439
0.90385
0.01923
0.46154
0.01923
0.01923
1.00000
1.00000
0.07692
0.01923
0.01923
0.01923
0.01923
0.01923
0.80435
0.01923
0.01923
0.01923
0.90385
0.01923
0.01923
1.00000
0.88636
0.01923
0.01923
0.01923
0.01923
0.90385
0.01923
1.00000
0.07692
0.46154
0.02000
0.01923
1.00000
0.90385
0.02273
0.01923
0.01923
0.01923
0.01923
0.01923
0.90385
0.01923
1.00000
0.01923
1.00000
0.01923
0.90385
0.03846
0.01923
0.01923
0.03333
0.40385
0.01923
0.01923
0.01923
0.01923
0.66667
0.01923
0.03846
1.00000
0.01923
1.00000
0.01923
1.00000
0.01923
0.90385
1.00000
1.00000
0.01923
1.00000
1.00000
0.07692
0.03846
0.03922
0.01923
0.01923
0.07692
0.89474
0.05128
0.01923
0.90385
1.00000
0.01923
0.01923
0.01923
0.01923
0.07692
0.01923
0.07692
0.90385
0.01923
1.00000
1.00000
0.01923
0.01923
0.01923
0.70833
1.00000
0.01923
0.01923
0.01923
0.07692
1.00000
0.40385
0.07692
1.00000
1.00000
1.00000
0.01923
0.90385
0.01923
1.00000
1.00000
1.00000
1.00000
0.01961
0.40385
0.48077
0.01923
0.01923
0.90385
0.01923
0.90385
0.01923
0.07692
1.00000
0.11429
0.01923
0.07692
1.00000
0.08511
0.07692
0.01923
0.01923
0.01923
0.46154
0.01923
0.07692
1.00000
0.90385
0.90385
0.01923
1.00000
1.00000
0.01923
0.01923
0.01923
0.01923
1.00000
0.01923
0.01923
0.07692
0.01923
1.00000
0.01923
1.00000
0.03846
1.00000
1.00000
0.01923
1.00000
0.04878
0.01923
0.88636
1.00000
0.01923
0.01923
0.40385
0.01923
0.01923
0.01923
0.01923
0.03846
0.01923
0.01923
0.88095
0.01923
0.01923
0.03846
0.87755
0.05769
0.01923
0.01923
0.03846
0.01923
0.01923
0.01923
0.40385
0.15217
0.90385
1.00000
0.82927
0.13514
0.01923
0.13462
0.07692
0.01923
0.01923
0.01923
0.01923
1.00000
0.01923
0.11538
0.01923
1.00000
0.02857
1.00000
0.03030
0.05714
0.01923
0.01923
1.00000
0.01923
0.07692
1.00000
0.01923
1.00000
0.01923
0.05882
0.07692
1.00000
0.01923
0.50000
0.01923
0.01923
0.01923
0.90385
0.92857
0.07692
0.97872
0.01923
1.00000
0.01923
0.03846
0.01923
1.00000
1.00000
1.00000
0.90385
0.02128
0.03846
0.01923
0.01923
0.01923
0.07692
0.02273
0.03846
0.01923
0.90385
0.07692
0.90385
0.01923
0.90385
0.02326
0.02381
0.02273
0.01923
0.01923
0.86957
0.01923
0.07692
0.01923
1.00000
0.01923
0.01923
0.01923
0.01923
0.01923
0.07692
1.00000
1.00000
1.00000
0.01923
0.01923
0.01923
0.04444
1.00000
0.01923
1.00000
0.02222
0.90385
1.00000
0.01923
0.02083
0.07692
0.02500
0.46154
0.01923
0.90385
0.40385
0.01923
0.01923
0.01923
1.00000
0.90385
0.07692
0.01923
0.01923
0.01923
0.01923
0.90385
0.01923
0.01923
1.00000
0.07692
0.01923
0.01923
1.00000
0.90385
1.00000
0.01923
0.03226
0.04651
0.01923
0.07692
1.00000
1.00000
0.01923
1.00000
0.01923
1.00000
0.93478
0.02222
1.00000
0.01923
0.01923
0.01923
0.05882
0.01923
0.01923
0.01923
0.01923
0.01923
0.78125
0.90385
0.04878
0.01923
0.02041
0.01923
0.07692
0.01923
0.01923
0.03846
0.90385
0.01923
0.90385
1.00000
0.01923
0.01923
0.01923
0.01923
0.40385
1.00000
0.01923
0.01923
1.00000
0.01923
0.01923
0.07692
0.07692
1.00000
0.02128
0.01923
0.01923
0.01923
0.01923
0.07692
1.00000
0.01923
0.01923
0.01923
0.07692
0.01923
0.48077
0.05769
0.01923
0.07692
0.01923
0.07692
0.02500
0.89796
0.98077
0.90385
0.12121
0.01923
1.00000
0.01923
0.01923
0.01923
0.01923
1.00000
1.00000
1.00000
0.07692
0.98077
0.90385
0.01923
0.03846
1.00000
0.01923
0.01923
0.01923
0.01923
0.02000
0.03846
0.01923
0.01923
0.90385
0.01923
0.03846
0.02128
0.05714
0.02778
0.01923
0.90385
0.90385
1.00000
0.01923
0.01923
0.01923
0.90385
0.01923
1.00000
0.02222
0.01923
0.01923
0.90385
1.00000
0.01923
0.90385
0.07692
0.01923
0.90385
1.00000
1.00000
0.01923
0.90385
1.00000
0.46154
1.00000
0.01923
1.00000
0.90385
1.00000
0.01923
0.01923
0.90385
0.90385
1.00000
0.01923
0.01923
0.01923
0.90385
0.01923
1.00000
0.90385
0.01923
0.01923
1.00000
0.04762
0.01923
0.02500
0.07692
0.02500
0.01923
0.07692
0.02128
0.01923
0.01923
0.01923
0.02703
0.01923
0.01923
0.07692
0.37209
1.00000
0.01923
0.97826
0.06000
1.00000
0.07317
1.00000
0.07692
0.01923
0.01923
0.01923
1.00000
0.02174
0.01923
0.56757
0.90385
0.01923
0.01923
0.90385
1.00000
0.07692
0.01923
0.90385
0.01923
0.04444
0.01923
0.98077
1.00000
1.00000
0.07692
0.01923
1.00000
0.07692
0.01923
0.90385
0.01923
0.01923
0.01923
1.00000
0.07692
0.90385
0.01923
1.00000
0.01923
0.01923
0.85714
1.00000
0.01923
0.01923
0.13514
1.00000
0.01923
0.01923
0.02439
0.90385
0.90385
0.07692
0.90385
0.03846
0.07692
0.01923
0.07692
0.01923
0.01923
0.01923
1.00000
0.05769
0.01923
0.03846
0.97727
1.00000
1.00000
0.07692
0.01923
0.01923
0.05000
0.01923
0.05769
0.01923
1.00000
0.01923
0.03846
0.01923
0.01923
0.07692
0.01923
0.05769
0.07692
0.02381
0.03846
0.06897
0.40385
0.03846
0.01923
0.02326
0.01923
0.01923
1.00000
1.00000
1.00000
0.90385
1.00000
0.01923
0.01923
1.00000
0.01923
0.01923
0.01923
1.00000
0.06250
0.01923
0.90385
0.02000
0.90385
0.01923
0.01923
0.01923
0.07143
0.01923
0.88372
0.01923
1.00000
0.25000
0.01923
0.32653
0.01923
1.00000
0.01923
1.00000
0.01923
1.00000
1.00000
0.90385
0.07692
1.00000
0.01923
0.01923
0.90385
0.01923
0.10256
1.00000
0.07692
0.01923
1.00000
0.01923
0.01923
0.90385
1.00000
0.07692
0.90385
0.01923
1.00000
0.01923
1.00000
1.00000
0.01923
0.02222
0.07143
0.04444
0.90385
0.01923
0.01923
0.01923
0.01923
0.01923
0.01923
0.06250
0.01923
0.01923
0.03846
0.01923
0.48077
0.03846
0.01923
1.00000
0.86667
0.90385
0.90385
1.00000
1.00000
0.01923
0.12195
0.01923
0.02326
0.01923
0.01923
0.90385
1.00000
0.01923
0.01923
0.01923
0.01923
0.01923
0.40385
1.00000
0.12821
0.10526
1.00000
0.13158
0.90385
0.02222
0.03846
0.04167
1.00000
0.01923
1.00000
0.01923
0.01923
0.01923
1.00000
0.01923
0.07692
0.01923
0.03846
0.02083
0.01923
0.03846
0.07692
0.01923
0.07692
0.01923
0.01923
1.00000
0.01923
0.01923
0.46154
0.03846
0.01923
0.90385
1.00000
0.01923
0.03846
1.00000
0.90385
1.00000
1.00000
1.00000
0.90385
0.90385
1.00000
0.07692
0.01923
0.46154
1.00000
0.90385
1.00000
0.01923
0.01923
0.01923
0.01923
1.00000
0.01923
0.02041
0.90385
1.00000
0.24444
0.01923
0.98077
0.07692
0.90385
0.01923
1.00000
1.00000
0.05769
0.01923
0.01923
1.00000
0.07692
1.00000
0.90385
1.00000
0.07692
1.00000
0.01923
0.22222
0.01923
0.01923
0.87755
0.07692
0.01923
0.01923
0.01923
0.01923
0.01923
0.01923
0.03846
0.01923
1.00000
0.90385
1.00000
0.07692
0.01923
0.07692
0.03846
0.03846
0.01923
0.01923
0.01923
0.01923
1.00000
0.05769
0.02041
0.04255
0.90385
0.01923
1.00000
0.01923
0.90385
1.00000
0.90385
1.00000
1.00000
0.01923
0.90385
1.00000
0.01923
0.03846
0.01923
0.03846
0.48077
0.07692
0.01923
0.01923
0.01923
0.01923
1.00000
1.00000
1.00000
0.03846
0.05769
1.00000
0.01923
0.03846
0.90385
0.01923
0.01923
1.00000
0.01923
0.07692
0.02439
0.08571
0.01923
0.01923
0.04762
0.07692
0.02381
0.01923
0.01923
0.01923
0.01923
0.01923
1.00000
0.05769
0.01923
0.90385
0.01923
0.01923
0.90385
1.00000
0.01923
1.00000
0.03846
1.00000
0.01923
1.00000
1.00000
0.03333
0.90385
1.00000
0.03846
0.01923
1.00000
0.01923
0.07692
1.00000
0.01923
0.11538
0.01923
1.00000
0.01923
0.04651
0.01923
0.04348
0.90385
0.07692
1.00000
0.01923
0.03846
0.02381
0.02941
0.50000
1.00000
0.02128
0.04546
0.01923
0.01923
0.01923
0.48077
1.00000
0.10870
0.90385
0.01923
0.01923
0.07692
0.01923
1.00000
1.00000
0.90385
0.01923
0.01923
1.00000
1.00000
0.02381
0.07692
1.00000
1.00000
0.04082
0.04348
0.03846
0.03846
0.01923
0.01923
0.01923
0.01923
1.00000
1.00000
1.00000
0.08696
0.06667
1.00000
1.00000
1.00000
1.00000
0.46154
0.01923
0.13043
0.01923
0.01923
0.01923
0.01923
1.00000
0.05769
0.02439
1.00000
0.01923
0.01923
0.90385
0.01923
1.00000
0.07692
0.90385
0.01923
0.90385
0.04000
0.07692
0.01923
0.07692
0.01923
0.01923
1.00000
1.00000
1.00000
0.01923
0.90385
0.02500
0.01923
0.01923
0.01923
0.01923
0.04444
0.01923
1.00000
0.97727
0.02174
0.02041
1.00000
0.01923
0.07692
0.01923
0.01923
1.00000
0.90385
0.01923
0.01923
0.90385
0.01923
0.28846
0.01923
0.01923
0.01923
0.91429
1.00000
1.00000
0.90385
1.00000
0.07692
0.01923
0.02222
0.01923
0.01923
0.01923
0.90385
1.00000
1.00000
0.04348
0.07692
0.01923
0.01923
1.00000
0.30233
0.01923
1.00000
1.00000
0.01923
1.00000
0.07692
0.01923
0.01923
0.01923
0.01923
1.00000
1.00000
0.01923
1.00000
1.00000
0.01923
0.90385
0.03846
0.98077
0.01923
0.90385
0.01923
0.05769
0.07692
0.90385
0.01923
0.07692
0.01923
0.01923
0.02326
0.01923
0.01923
1.00000
0.07692
0.02041
1.00000
0.90385
0.01923
0.01923
0.90385
0.07692
0.01923
0.01923
0.01923
1.00000
1.00000
1.00000
1.00000
0.01923
0.01923
0.90385
0.07692
1.00000
0.07692
1.00000
0.01923
0.40385
0.01923
1.00000
0.01923
0.40385
1.00000
0.48077
0.04255
0.01923
1.00000
0.01923
0.01923
0.01923
0.07692
0.01923
0.98077
0.07692
0.07692
0.01923
0.01923
0.07692
0.07692
0.04348
0.03846
0.01923
0.01923
1.00000
0.10000
0.07692
0.07692
0.03846
0.01923
0.01923
0.90385
0.44828
0.90385
0.07692
0.07317
0.01923
0.07692
0.01923
1.00000
0.07692
0.01923
0.01923
0.01923
0.01923
0.01923
0.05714
0.01923
0.01923
1.00000
0.01923
0.01923
1.00000
0.90385
1.00000
0.48077
0.01923
0.01923
0.03125
0.02941
0.14894
0.04000
0.17949
1.00000
0.01923
0.04167
0.01923
0.90385
0.01923
0.01923
0.07692
1.00000
0.01923
1.00000
0.01923
0.01923
0.07692
0.01923
1.00000
1.00000
0.01923
0.02632
1.00000
0.05769
0.01923
0.01923
0.01923
0.01923
1.00000
0.07692
0.07692
0.01923
1.00000
0.01923
0.07692
0.01923
0.07692
1.00000
0.01923
1.00000
1.00000
1.00000
0.90385
0.04444
1.00000
0.90385
1.00000
1.00000
0.01923
1.00000
0.01923
0.01923
0.01923
0.01923
0.48077
0.01923
0.04255
0.01923
0.07692
0.01923
0.01923
0.01923
0.01923
0.05769
0.01923
0.01923
0.98077
0.46154
0.02174
0.46154
1.00000
0.07692
0.01923
0.09091
0.05769
0.01923
0.01923
0.02564
0.07692
1.00000
0.90385
0.01923
0.90385
0.05769
0.98077
1.00000
0.02632
0.90385
0.01923
0.03846
0.01923
0.01923
1.00000
0.01923
0.01923
0.07692
0.01923
0.01923
0.01923
0.01923
1.00000
0.01923
0.02083
0.01923
1.00000
0.03846
0.48077
1.00000
0.02041
0.01923
0.01923
1.00000
0.05769
0.02174
1.00000
0.01923
0.01923
0.06977
0.12121
1.00000
0.07692
0.01923
1.00000
0.05769
0.01961
0.01923
0.13043
0.01923
1.00000
0.01923
0.01923
1.00000
1.00000
0.01923
0.90385
1.00000
0.01923
1.00000
0.90385
0.90385
0.07692
0.01923
1.00000
1.00000
0.01923
1.00000
0.01923
0.21739
0.01923
0.90385
0.01923
0.02000
0.07692
1.00000
0.01923
0.07692
0.01923
1.00000
0.03846
0.01923
0.01923
0.98077
0.01923
1.00000
0.01923
0.01961
0.86667
0.01923
0.07692
0.01923
1.00000
0.05769
1.00000
1.00000
0.01923
0.01923
0.01923
0.01923
0.05769
0.90385
1.00000
0.01923
0.40385
1.00000
0.17647
1.00000
1.00000
0.01923
0.01923
1.00000
0.05000
1.00000
1.00000
0.01923
0.01923
0.01923
1.00000
0.01923
0.06122
0.01923
0.46154
0.01923
0.01923
0.01923
0.90385
0.90385
0.02326
0.93333
0.01923
0.01923
1.00000
0.01923
0.01923
0.01923
1.00000
0.02083
0.01923
0.01923
0.01923
0.01923
0.01923
0.01923
0.07692
0.01923
0.05769
1.00000
0.01923
0.01923
1.00000
0.02083
0.06522
0.01923
0.98077
1.00000
0.01923
1.00000
0.01923
0.01923
0.90385
0.01923
0.03846
0.07692
0.05769
0.01923
0.01923
0.01923
0.01923
1.00000
0.48077
0.01923
0.98077
0.05714
0.90385
0.01923
0.90385
1.00000
0.07692
1.00000
0.02632
0.06667
0.48077
0.90385
0.01923
1.00000
0.01923
0.01923
0.90385
1.00000
0.04762
0.13462
0.01923
0.89130
0.03846
0.01923
0.01923
1.00000
0.05128
1.00000
0.01923
0.01923
1.00000
0.01923
0.05769
0.01923
1.00000
1.00000
0.90385
0.02222
0.90385
0.01923
0.01923
0.01923
0.01923
0.07692
0.03846
1.00000
0.01923
0.05882
1.00000
0.01923
0.03846
0.01923
0.06667
0.07692
0.48077
1.00000
0.01923
0.01923
0.01923
1.00000
1.00000
1.00000
1.00000
0.01923
1.00000
0.01923
0.01923
1.00000
1.00000
1.00000
0.07692
0.01923
1.00000
1.00000
0.01923
0.01923
0.04082
0.02128
0.02083
0.01923
1.00000
0.90385
0.01923
0.01923
1.00000
0.01923
1.00000
0.01923
0.01923
1.00000
0.07692
0.01923
0.01923
0.01923
1.00000
0.01923
1.00000
1.00000
0.07692
0.01923
1.00000
0.01923
0.01923
0.90385
0.01923
0.01923
0.01923
0.01923
0.01923
0.01923
0.01923
0.03846
0.01923
1.00000
0.01923
1.00000
0.01923
0.90385
0.03846
0.90385
0.01923
0.01923
1.00000
0.01923
0.90385
1.00000
0.01923
0.01923
0.07692
1.00000
0.01923
0.01923
0.01923
1.00000
0.07692
0.02000
1.00000
0.90385
0.01923
0.01923
0.02083
0.01923
0.01923
1.00000
0.01923
0.03846
1.00000
0.01923
0.01923
0.01923
0.01923
1.00000
0.02381
0.01923
1.00000
0.03846
0.01923
0.98077
0.01923
1.00000
0.01923
0.01923
0.01923
0.90385
0.05769
0.01923
0.01923
1.00000
0.01923
0.01923
0.03846
1.00000
0.01923
0.01923
0.01923
0.01923
0.01923
1.00000
1.00000
1.00000
0.01923
0.07692
0.40385
0.40385
0.02439
0.96667
0.01923
0.90385
0.01923
0.48077
0.07692
1.00000
0.01923
0.01923
0.07692
0.01923
0.01923
0.07692
1.00000
0.01923
0.40385
0.01923
0.98039
0.13889
0.90385
0.07692
0.01923
0.01923
0.01923
0.01923
0.01923
1.00000
0.02041
1.00000
0.01923
0.97959
0.03846
0.01923
0.01923
0.07692
0.01923
1.00000
1.00000
0.01923
0.90385
0.01923
0.01923
0.01923
0.13158
0.90385
0.01923
0.46154
0.90385
0.44737
0.90385
0.07692
0.02222
1.00000
0.90385
0.02703
0.02222
0.02273
0.07692
1.00000
0.02778
0.01923
1.00000
1.00000
0.28846
0.03846
0.01923
1.00000
0.25000
1.00000
1.00000
0.90385
1.00000
1.00000
0.90385
0.03846
0.01923
0.90385
0.01923
1.00000
0.07692
0.90385
0.01923
1.00000
1.00000
1.00000
1.00000
0.04082
0.90385
0.01923
1.00000
0.90385
0.01923
0.05769
0.01923
0.01923
0.01923
1.00000
0.05769
0.01923
0.48077
0.01923
0.01923
0.01923
0.07692
0.01923
0.01923
0.01961
0.07692
1.00000
0.01923
0.96078
0.01923
0.01923
0.01923
1.00000
0.05769
1.00000
0.01923
0.03846
0.01923
0.03846
0.90385
0.90385
0.90385
0.01923
0.07692
0.01923
0.07692
0.01923
0.01923
0.01923
1.00000
0.07692
0.01923
0.01923
0.01923
0.07692
0.01923
0.01923
0.01923
0.01923
1.00000
0.01923
0.01923
0.01923
0.01923
0.01923
0.07692
0.01923
0.01923
1.00000
0.01923
0.28846
0.90385
0.01923
1.00000
0.90385
0.01923
0.01923
0.01923
1.00000
0.01923
0.01923
0.03846
1.00000
0.01923
0.01923
0.01923
0.07692
0.01923
0.01923
0.01923
0.01923
0.01923
0.01923
0.01923
0.48077
0.01923
0.97917
0.02500
1.00000
0.01923
1.00000
0.01923
0.01923
0.01923
0.07692
0.90385
0.90385
0.01923
0.07692
0.01923
1.00000
0.88889
0.01923
1.00000
0.01923
0.07692
0.07692
0.08000
0.01923
1.00000
0.01923
1.00000
0.02222
0.02273
1.00000
0.90385
0.01923
0.01923
1.00000
0.90385
0.01923
0.01923
0.89583
1.00000
1.00000
0.01923
1.00000
0.01923
0.02083
0.07692
0.01923
1.00000
0.90385
1.00000
0.01923
0.01923
0.01923
0.01923
0.01923
0.01923
0.01923
0.07692
0.02326
1.00000
0.03846
0.01923
1.00000
0.90385
0.01923
0.05769
0.01923
0.90385
1.00000
0.07692
1.00000
0.01923
0.01923
0.02083
0.01923
0.06000
0.90385
0.90385
0.03846
0.01923
0.01923
0.01923
1.00000
1.00000
0.01923
0.07692
0.01923
0.01923
0.02222
0.01923
0.02703
0.01923
1.00000
1.00000
0.01923
0.01923
0.08163
0.01923
0.01923
0.01923
1.00000
0.01923
1.00000
0.40385
0.07692
0.01923
0.05882
0.01923
0.07692
0.04444
1.00000
0.01923
0.01923
0.01923
1.00000
0.07692
0.10000
0.02439
1.00000
0.01923
0.07692
0.90385
0.07692
0.90385
0.01923
1.00000
0.09302
0.01923
0.01923
0.01923
0.01923
0.01923
0.01923
0.08571
0.01923
1.00000
0.07692
1.00000
0.02381
1.00000
1.00000
1.00000
0.90385
0.01923
0.01923
0.07692
0.90385
0.01923
1.00000
0.06818
1.00000
0.07692
0.01923
1.00000
0.02326
0.07692
0.90385
0.01923
0.07692
0.90385
0.01923
0.01923
0.01923
1.00000
0.90385
0.01923
0.01923
0.01923
0.01923
0.01923
0.01923
0.01923
0.03846
1.00000
0.01923
0.01923
0.48077
0.01923
1.00000
0.01923
0.90385
0.03846
0.90385
0.04444
0.07692
1.00000
0.90385
0.01923
0.46154
0.07692
0.01923
0.02083
0.01923
1.00000
0.01923
0.03846
0.01923
1.00000
1.00000
0.01923
0.01923
0.06522
1.00000
0.02041
1.00000
0.01923
0.01923
0.02381
0.01923
0.01923
1.00000
0.90385
0.01923
0.07692
0.01923
0.01923
0.01923
0.90385
0.01923
0.01923
0.90385
0.01923
0.02041
0.01923
0.01923
1.00000
0.04878
0.07692
0.07692
1.00000
0.01923
1.00000
1.00000
0.01923
0.01923
0.01923
1.00000
0.05769
0.40385
0.01923
0.07895
1.00000
0.01923
1.00000
0.07692
0.02326
0.01923
0.06250
0.01923
0.90385
0.01923
0.07692
1.00000
1.00000
0.05769
0.01923
1.00000
0.07692
0.01923
0.01923
0.01923
0.01923
0.07692
1.00000
1.00000
0.01923
0.07692
0.05769
0.90385
0.01923
0.01923
0.01923
1.00000
1.00000
0.02326
0.04651
0.01923
0.01923
1.00000
0.07692
0.05769
0.01923
1.00000
1.00000
0.01923
0.05769
1.00000
1.00000
0.01923
1.00000
1.00000
0.01923
1.00000
0.07692
0.01923
0.01923
1.00000
0.90385
0.01923
1.00000
1.00000
1.00000
0.01923
0.01923
0.01923
0.01923
0.90385
1.00000
0.01923
0.01923
0.01923
0.01923
0.01923
0.03846
1.00000
0.01923
0.01923
0.90385
1.00000
0.90385
0.01923
0.90385
1.00000
0.03846
1.00000
0.91667
0.05769
0.01923
0.90385
1.00000
1.00000
0.01923
0.01923
0.01923
1.00000
0.05263
1.00000
0.01923
0.01923
0.18919
0.07692
0.01923
0.07692
1.00000
1.00000
0.90385
1.00000
0.01923
0.01923
0.01923
0.02778
0.01923
0.01923
0.01923
0.01923
0.01923
1.00000
1.00000
0.03846
0.03846
0.90385
0.01923
0.07692
0.01923
0.02174
0.05769
0.01923
1.00000
0.01923
0.01923
0.07692
1.00000
0.01923
1.00000
1.00000
0.01923
0.01923
1.00000
1.00000
0.01923
0.07692
0.01923
0.06122
0.06667
0.01923
0.01923
0.02381
0.01923
1.00000
0.05769
0.01923
0.01923
0.03846
0.01923
0.89583
0.07692
0.05882
0.01923
0.01923
0.01923
0.90385
0.02041
0.02041
0.01923
0.07692
0.90385
0.50000
0.97619
0.90385
0.05769
0.07692
1.00000
0.90385
0.01923
0.02000
0.97917
0.90385
1.00000
0.01923
0.01923
0.01923
1.00000
0.01923
0.07692
0.07692
1.00000
0.01923
1.00000
1.00000
1.00000
1.00000
1.00000
0.01923
0.01923
0.07692
0.01923
0.01923
0.03846
0.02000
0.01923
0.01923
1.00000
0.01923
0.01923
0.01923
0.07692
0.01923
1.00000
0.48077
0.90385
0.34000
0.01923
0.01923
0.01923
0.01923
0.01923
0.01923
0.01923
0.01923
0.02000
0.17647
0.01923
0.01923
0.01923
1.00000
0.82609
0.07692
0.01923
0.90385
1.00000
0.01923
0.90385
0.01923
0.90385
0.01923
0.07692
0.04167
0.01923
0.12195
0.01923
0.01923
0.01923
0.03846
0.04878
0.07692
0.07692
1.00000
0.01923
0.01923
0.90385
0.01923
1.00000
0.01923
0.01923
0.03846
0.01923
0.01923
0.90385
0.02222
0.01923
0.03846
0.01923
0.07692
0.07692
1.00000
0.01923
0.01923
0.01923
0.01923
1.00000
0.01923
0.01923
1.00000
0.01923
1.00000
0.01923
1.00000
0.90385
0.01923
0.01923
0.01923
1.00000
0.01923
1.00000
0.90385
0.01923
0.90385
0.07692
0.01923
0.01961
0.01923
0.01923
0.01923
1.00000
1.00000
0.01923
1.00000
0.01923
0.90385
1.00000
0.03846
1.00000
1.00000
0.07692
0.01923
0.90385
0.01923
0.01923
0.01923
0.01923
0.07692
0.02083
0.06977
0.01923
0.04444
0.02128
1.00000
0.01923
0.01923
0.01923
1.00000
0.01923
0.01923
1.00000
1.00000
0.09375
1.00000
0.01923
0.01923
0.01923
0.01923
0.01923
0.01923
0.01923
0.01923
0.11905
1.00000
0.01923
0.02439
0.04167
0.03846
0.01923
1.00000
0.03846
0.28846
0.02128
0.05263
0.06977
0.02222
1.00000
0.01923
0.90385
0.75000
0.90385
0.01923
0.01923
0.01923
0.01923
0.02381
0.01923
0.01923
1.00000
0.07143
0.01923
0.07692
0.01923
0.01923
0.01923
1.00000
0.02083
0.01923
0.01923
1.00000
0.01923
0.01923
0.01923
0.05769
0.02857
0.89362
1.00000
0.01923
0.01923
0.11765
0.01923
1.00000
0.01923
0.01923
0.01923
0.01923
0.01923
1.00000
0.01923
0.84615
0.02128
0.01923
0.01923
0.02381
0.04255
0.02128
0.01923
0.01923
0.02083
0.01923
0.01923
0.90385
0.01923
0.04348
0.04255
