0.04348
0.02174
1.00000
0.10870
0.42857
0.02174
0.02174
0.08696
0.02174
1.00000
1.00000
0.02174
0.02174
0.02174
0.02174
0.02174
0.04348
0.02174
0.02174
0.02174
0.08571
0.13043
0.02174
0.02174
0.04348
0.13043
0.02174
0.04348
0.32609
0.02174
0.93478
0.02174
0.02174
0.02174
1.00000
0.02174
0.02174
0.02174
0.02174
0.93478
0.02174
0.02174
0.13043
0.06522
0.02174
1.00000
0.10870
0.06522
0.04348
0.89130
0.06522
0.02174
1.00000
1.00000
0.93478
1.00000
1.00000
0.02174
0.02174
0.02941
0.02174
0.15217
0.02174
0.06522
0.02174
0.02174
0.02174
0.02174
0.02174
0.06522
0.06522
1.00000
0.02174
0.02174
0.13043
0.06522
0.02174
0.02174
0.04348
0.02174
0.45454
0.13043
0.02174
0.06522
0.06522
0.02174
0.08696
0.02174
0.02174
0.02174
0.02174
0.02174
0.02174
0.02174
0.50000
0.34783
0.02174
0.02174
0.13043
0.02174
0.06522
1.00000
0.02174
0.02174
0.02174
0.08696
0.02174
0.02174
0.02174
0.02174
1.00000
0.02174
0.10870
0.13043
0.76087
0.02174
0.93478
0.10870
0.02174
0.51351
0.51219
0.50000
0.06522
0.02174
0.10870
1.00000
0.06522
0.02174
0.06522
0.02174
0.02273
0.04348
0.02174
0.02174
0.06522
0.32609
0.25581
0.02174
0.13043
0.02174
0.02174
0.10870
0.17500
1.00000
0.02174
0.02174
0.04348
0.02174
1.00000
0.02222
0.02174
0.02174
0.91304
1.00000
0.06522
0.93478
1.00000
0.04348
0.04348
0.02174
0.06522
0.02174
0.50000
1.00000
0.13043
0.02174
0.02174
0.02174
0.06250
1.00000
0.06522
0.13043
0.06522
0.04348
0.13043
0.02174
0.02174
0.02174
0.02174
0.81579
0.02174
0.02174
0.02174
0.08696
0.02174
0.02174
0.02174
0.02174
0.02174
0.15909
0.02174
0.04348
1.00000
0.03226
0.02174
0.06522
0.06522
0.02174
0.10870
0.02174
1.00000
0.02174
0.02174
0.02174
0.02174
0.04348
0.02174
0.02174
0.02174
0.02174
0.02174
0.10870
0.02174
0.02174
0.02174
0.50000
0.02174
0.13043
0.02174
1.00000
0.06522
0.02174
1.00000
0.02174
0.50000
0.02174
0.02174
0.10526
1.00000
0.02174
0.02174
0.02174
0.02174
0.76087
0.02174
0.04348
0.13043
0.02174
0.91304
0.02174
0.02174
0.02174
0.02174
0.02174
0.76087
0.02174
0.02174
0.10870
0.02174
1.00000
0.02174
0.02174
0.02174
1.00000
0.13043
0.02174
0.02174
0.02174
0.02174
0.02174
0.02174
0.02174
0.02174
0.02174
0.10870
0.02174
0.02174
0.04348
0.02174
0.02174
0.93478
1.00000
0.06522
1.00000
0.10870
0.02174
0.02174
0.02174
0.02174
0.13043
0.02174
0.08108
0.02174
0.02174
0.02174
0.02174
0.02174
0.02174
0.02174
0.06522
0.13043
0.50000
0.02174
0.02174
0.76087
1.00000
0.15217
0.08696
1.00000
1.00000
0.02174
0.08696
0.02174
0.02500
0.02174
0.02174
0.06522
0.06522
0.02174
0.02222
0.02174
0.93478
0.02174
0.02174
0.02174
0.04348
0.02174
0.04348
0.02326
0.04348
0.02174
0.02174
0.02174
1.00000
0.02174
0.02174
0.02174
0.02174
0.06522
0.02174
0.02174
0.02174
0.02174
0.11111
0.02174
0.15217
0.51111
0.76087
0.02174
0.02174
0.15217
0.02174
0.02174
0.02174
0.02174
1.00000
0.04348
0.02174
0.04348
1.00000
0.10870
0.93478
0.02174
0.02174
0.15217
0.02174
0.02174
0.06522
0.02174
0.06522
0.02174
0.02174
0.06818
0.02174
0.06522
0.04348
0.02174
0.04348
0.89130
0.02174
0.89130
0.02174
0.08696
0.02174
0.02174
0.06522
0.02174
0.02174
1.00000
0.04348
0.06522
0.04348
0.02174
0.02174
0.13043
0.06522
0.02174
0.04348
1.00000
0.02174
0.10870
0.02174
1.00000
0.04348
1.00000
0.04348
0.02174
0.02174
0.02174
0.02174
0.02174
0.04348
0.13043
1.00000
0.06250
0.02174
1.00000
0.06522
0.02174
0.02174
0.09677
0.02174
0.02174
0.02174
1.00000
0.02174
0.02174
0.10870
0.13043
1.00000
0.02174
0.06522
0.08696
0.10870
0.15217
0.76087
0.10870
0.02174
0.02174
0.02174
0.02174
0.02174
0.02174
0.02174
0.02174
0.06522
0.02174
0.15217
0.10870
0.02174
0.06522
0.02174
0.02174
0.04348
0.02174
0.06522
0.15217
0.02174
0.02174
0.02174
0.02174
0.02174
0.06522
0.08696
1.00000
0.02174
0.04348
0.04348
0.02174
0.02174
0.02174
0.02174
0.02174
0.02174
0.15217
0.02174
0.02174
0.02174
0.02174
0.02174
0.02174
0.06522
0.02174
1.00000
0.02174
0.02174
0.08696
0.10870
0.06522
0.06818
0.02174
0.02326
1.00000
0.91304
0.02174
0.02174
0.08696
0.02174
0.50000
0.02174
0.02174
0.02174
0.06522
0.04348
0.02174
0.02174
0.02174
0.02174
0.06522
0.02174
0.91304
0.08696
0.50000
1.00000
0.04348
1.00000
0.02174
0.04348
0.13043
0.02174
0.93478
0.06522
0.02174
1.00000
0.02174
0.02326
0.02174
0.02174
0.02174
0.02174
1.00000
0.04348
0.02174
0.04348
0.02174
0.06522
0.02174
1.00000
0.76087
0.02174
0.02174
0.13043
0.02174
0.02174
1.00000
0.06250
0.03125
0.02174
0.02174
1.00000
0.44186
0.10870
0.02174
0.02174
1.00000
0.02174
0.08696
0.93478
0.02174
0.02174
0.02174
0.02174
1.00000
0.06522
0.02174
0.02174
0.02174
0.02174
0.15217
0.79070
0.02174
0.02174
0.02174
0.06522
0.32609
0.02174
0.02174
1.00000
0.02174
0.02174
1.00000
0.02174
0.08696
0.02174
0.04348
0.04348
0.03125
0.02174
0.89130
0.02174
0.02174
0.04348
0.02174
0.02174
0.13043
0.02174
0.06522
0.02174
1.00000
0.02174
0.04348
0.09677
0.13043
0.02174
0.06522
0.02174
0.02174
0.02174
0.06522
0.02174
0.02174
1.00000
0.15217
0.04348
0.02174
0.02174
0.06522
1.00000
0.02174
0.02174
0.02174
0.04651
0.02174
0.02174
0.50000
0.93478
0.02174
0.10870
0.06522
0.02174
0.10870
0.06522
0.04348
0.26087
0.02174
0.13043
0.04878
1.00000
0.02174
0.04348
0.02174
0.93478
0.02174
0.02174
0.02174
0.02174
0.06522
1.00000
0.06522
1.00000
0.04348
1.00000
0.02500
0.02174
0.02174
0.02174
0.02174
0.17391
0.13043
0.02174
0.02174
0.04348
0.02174
0.10870
0.02174
0.02174
0.02174
0.02174
0.06522
0.02174
0.04348
0.76087
0.06522
0.02174
0.04348
0.02174
0.32609
1.00000
0.02174
0.02174
0.02174
0.08696
0.04546
0.76087
0.10870
0.02174
0.02174
0.02174
0.02174
0.02174
0.02174
1.00000
0.93478
0.02174
0.06522
0.10870
0.02439
0.04444
0.06522
0.02564
1.00000
0.02174
0.02174
0.02174
1.00000
0.02174
0.10870
0.02174
0.02174
0.02174
0.02941
0.05405
0.02174
1.00000
0.08696
0.02174
0.02174
0.02174
0.15217
0.02174
1.00000
0.02326
0.02174
0.02174
0.04348
0.02174
0.06522
0.91304
0.13043
0.04348
0.02174
0.10870
0.02174
0.03125
0.06522
0.06522
0.15625
1.00000
1.00000
0.02174
0.02174
0.02174
0.08696
0.06522
0.04348
0.02174
1.00000
0.04348
0.02222
0.06522
0.93478
0.02174
0.02174
0.04348
0.02174
0.02174
0.02174
0.02174
0.02174
0.02174
0.04348
0.08696
0.02174
0.02174
0.04348
0.02174
0.02174
0.02174
0.89130
0.02174
0.02174
0.02174
0.02174
0.02174
0.15217
0.10870
0.02174
0.02174
0.02174
0.91304
0.02174
0.02174
0.02174
0.02174
1.00000
1.00000
0.02174
0.02174
1.00000
0.76087
0.04348
0.04348
0.02174
0.05000
1.00000
0.10870
0.06522
0.13043
0.30952
0.05882
0.13043
0.93478
0.02174
0.02174
1.00000
0.02381
0.04348
0.13043
0.02174
1.00000
0.13043
0.02174
1.00000
0.02174
0.02174
1.00000
0.02174
0.02174
0.02174
0.02174
0.02174
0.89130
0.06522
0.02174
0.02174
0.02174
1.00000
0.02174
0.02174
0.04444
0.02174
0.13043
0.02174
0.10870
1.00000
1.00000
0.02174
0.06522
0.02174
0.02174
0.06522
0.02174
0.91304
0.02174
0.02174
0.04348
0.02174
1.00000
0.06522
0.06522
0.02174
0.06522
0.02174
0.02174
0.13043
0.02174
0.02174
0.32609
0.17391
0.02174
1.00000
0.06522
0.02174
0.02174
0.02174
0.02174
0.02174
0.04348
1.00000
0.04348
0.02174
0.02174
1.00000
1.00000
0.02174
0.02174
0.02174
0.02174
0.02174
0.02174
0.02174
0.02174
0.02174
0.10870
0.02174
0.02174
0.02174
0.10870
0.32609
0.02174
0.02174
0.02174
0.02174
0.02174
0.11111
0.02174
0.04444
0.02174
0.02174
0.02174
0.02174
0.13043
0.02174
0.02174
1.00000
0.02174
1.00000
0.02174
0.13043
0.06818
1.00000
0.04348
0.02174
0.02174
0.02174
0.02174
0.02174
1.00000
0.10870
0.02174
0.02174
0.13043
0.02174
0.02174
0.02174
1.00000
0.06522
0.02174
0.04348
0.05000
0.12821
1.00000
0.02174
0.02174
0.02174
0.06522
0.04348
0.04348
1.00000
0.02174
0.02174
0.02174
0.06522
0.02174
0.02174
0.02174
0.02174
0.02174
0.50000
0.10870
1.00000
0.04348
0.02174
0.02174
0.02174
0.06522
0.02174
0.06522
0.02174
0.02174
0.13043
0.93478
1.00000
0.02174
0.02174
0.32609
0.02174
0.02174
0.02174
0.13043
0.04348
0.02174
0.13043
0.02381
0.02174
0.02174
0.02174
0.93478
0.02174
1.00000
0.08696
0.02174
0.02174
0.89130
1.00000
0.02174
0.02174
0.02174
0.02174
0.02174
0.02174
0.02174
0.08696
0.04348
0.02174
0.06522
1.00000
0.15217
0.02174
0.02174
0.02174
0.04348
1.00000
1.00000
0.02174
0.93478
0.06522
0.10870
0.02174
0.02174
0.02174
1.00000
0.04348
0.02174
0.06522
0.02174
0.02174
0.02174
0.04348
0.02174
0.10870
0.02174
0.04348
0.04348
1.00000
0.10870
0.02174
0.02174
0.16129
0.02174
0.02174
0.02174
0.06522
0.02174
0.02174
0.02174
0.02174
0.02174
0.02174
0.06522
0.06522
0.15217
0.02174
1.00000
0.04651
0.10000
0.06667
0.06522
0.06522
1.00000
0.50000
0.93478
0.02174
0.02174
0.93478
0.17391
0.02174
0.02174
0.02174
0.02174
0.04348
1.00000
0.06522
0.04348
0.06522
1.00000
0.02174
0.02174
0.02174
0.02174
0.50000
0.02174
0.02174
0.02174
0.02174
0.06522
0.08696
0.02174
0.02174
0.02174
1.00000
0.04348
0.02174
0.02174
0.06522
0.32609
0.02174
1.00000
0.02174
1.00000
0.02174
0.02174
0.02174
0.15217
0.02174
0.02174
0.08696
0.06522
0.04348
0.17391
0.02174
0.02174
0.02174
0.10870
0.06522
0.02174
0.02174
0.15217
0.02174
0.32609
0.02174
0.06522
0.02174
1.00000
1.00000
0.93478
0.13043
0.02174
0.02174
0.08696
0.08696
0.02174
0.02174
0.04348
0.02174
0.04348
0.02174
0.06522
0.10870
0.02174
0.02174
0.02174
1.00000
0.02174
0.04348
0.02174
0.02174
0.15217
0.02174
0.06522
0.02174
0.06522
0.10870
0.17391
0.05714
0.05882
0.89130
0.02174
0.02174
0.13043
0.02174
0.02174
0.10870
0.02174
0.15217
0.02174
0.04348
0.06522
0.06522
0.04348
0.08696
0.13043
0.02174
0.02174
0.02174
0.02174
0.02174
0.02174
0.02174
0.02174
0.02174
0.93478
0.13043
0.17391
0.02174
0.02174
0.02174
0.50000
1.00000
0.02174
0.17391
0.02174
0.04348
0.06522
1.00000
0.02222
0.02174
1.00000
0.10870
0.50000
1.00000
1.00000
0.10870
0.02174
1.00000
0.02174
0.15217
0.02174
0.04348
0.02174
0.10870
0.10870
0.93478
0.02174
0.02174
0.02381
0.05128
0.13043
0.10870
0.50000
0.02174
0.02174
0.02174
0.06522
0.06522
0.32609
1.00000
0.10870
0.02174
0.32609
0.11429
0.04348
0.02174
0.12500
0.02174
0.02174
0.10870
0.02174
0.04348
0.02174
0.02174
0.02174
0.02174
0.02174
0.93478
0.02174
0.07500
0.02174
0.02174
0.02174
0.02174
0.02174
0.06522
0.04348
0.02174
0.02174
0.02174
0.02174
0.02174
0.02174
0.02174
0.06522
0.93478
0.04348
0.02632
0.02174
1.00000
0.76087
0.15217
0.02174
0.02174
0.02174
0.06522
0.13043
0.06522
0.02174
0.04348
0.02174
0.15217
0.02174
0.06522
0.02174
0.02174
0.02174
0.02174
0.08696
0.02174
0.02174
0.02174
0.93478
0.10870
0.02174
0.02174
0.02174
0.02174
0.15217
0.15217
0.13043
0.10870
0.02174
0.06522
0.06522
0.06522
0.06522
1.00000
0.02174
0.02174
0.02174
0.06522
0.02174
0.02174
0.15000
0.13043
0.02174
0.13043
0.02174
0.02174
0.02174
0.04348
0.02174
0.02174
0.02174
0.13043
1.00000
0.06522
0.02174
0.02174
0.02174
0.02174
0.02174
1.00000
0.02174
0.28571
1.00000
0.02174
0.02174
0.93478
0.02174
0.06522
0.02174
0.02174
0.02174
1.00000
0.02174
0.02174
1.00000
0.02174
0.02174
0.02174
0.02174
0.93478
0.10870
0.02222
0.02174
0.06522
0.02174
0.02174
0.02174
0.02174
0.02174
0.02174
0.02174
0.93478
0.02174
0.04348
0.02174
0.06522
0.02174
0.02174
0.02174
0.02174
0.06522
0.02174
0.93478
0.06522
1.00000
0.02174
1.00000
1.00000
0.02174
0.02174
0.02174
0.93478
0.02174
0.04348
0.02174
0.02174
1.00000
0.02174
0.02174
0.02174
0.02174
0.02174
0.04348
0.02174
0.02174
0.02174
0.02174
0.74359
0.04348
0.02174
0.13043
0.02174
0.02174
0.11111
0.02174
0.02174
1.00000
1.00000
0.02174
0.06522
0.04348
0.15217
0.02174
0.05000
0.04348
0.02174
0.02174
0.10870
0.93478
0.03333
1.00000
0.02174
0.06522
0.06522
1.00000
0.89130
0.02174
0.02174
0.02174
0.02174
1.00000
0.04348
0.91304
0.93478
0.06522
0.02174
0.02174
0.02174
0.06522
1.00000
0.02174
0.02174
0.02174
0.04444
0.02174
0.13043
0.02174
0.02174
0.02174
0.02174
0.02174
0.08696
0.02174
0.02174
0.02174
0.02174
0.02174
0.04348
0.13043
0.02174
1.00000
0.13043
0.02174
0.02174
0.02174
0.02174
0.04348
0.17391
0.32609
0.02174
0.02174
0.02174
0.02174
0.02174
0.06522
0.15217
1.00000
0.02174
0.04348
0.02174
0.15217
0.15217
0.02174
0.06522
0.02174
0.04348
0.02174
0.02174
0.13043
0.06522
0.02174
0.06522
0.02174
0.02174
0.10870
0.02174
0.02174
0.17391
1.00000
0.17391
0.02174
0.04348
0.50000
0.06522
0.02174
0.02174
0.93478
0.15217
0.04348
0.02174
0.06522
0.04348
0.02174
0.06522
0.50000
0.02174
0.02174
0.02174
0.15217
0.76087
0.02174
0.02174
0.10870
0.10870
0.02174
0.02174
0.06522
0.02174
0.06522
0.02174
0.02174
0.02174
1.00000
0.02174
0.02174
0.02174
0.13043
0.02174
0.02174
0.04348
0.50000
0.32609
0.04348
1.00000
0.02174
0.02174
0.02174
0.93478
0.06522
0.02174
0.02174
0.02174
0.02174
0.02174
0.02174
1.00000
1.00000
0.15217
0.05405
0.02174
0.02174
0.02174
1.00000
0.02174
0.02174
0.02174
0.02174
0.06522
0.02174
1.00000
0.02174
0.93023
0.02222
0.04348
0.02174
0.13043
0.02222
0.02174
0.32609
0.02174
0.93478
0.02174
0.02174
0.02174
0.89130
0.06522
0.02174
0.02174
0.50000
0.02174
0.13043
0.02174
0.02174
0.06522
0.02174
0.06522
0.02174
0.02273
0.50000
0.04348
1.00000
0.02174
0.94872
0.03125
0.03448
0.02174
0.06522
0.02174
0.02174
0.06522
0.02174
0.02174
1.00000
0.02174
0.13043
0.06522
0.93478
1.00000
0.06522
0.13043
0.02174
0.93478
0.93478
0.02174
0.04348
0.06522
0.06522
0.02174
0.02174
1.00000
1.00000
0.02174
0.04348
0.02174
0.02174
0.02174
0.06522
0.02174
0.04348
0.02174
0.02174
1.00000
1.00000
0.93478
0.06522
0.02174
0.02174
0.02174
0.13043
0.06522
0.02174
0.10870
0.10870
0.76087
0.02174
0.02174
0.02174
0.02174
1.00000
1.00000
0.02174
0.89130
1.00000
0.02174
0.02174
0.04348
0.06522
0.02174
0.02326
0.02174
0.02326
0.10870
0.02174
0.93478
0.15217
0.06522
0.06522
0.02174
0.02174
0.02174
0.04348
0.02174
0.02174
0.32609
0.02174
0.02174
0.02174
0.02174
0.02174
0.06522
0.02174
0.08696
0.02174
0.02174
0.10870
0.02174
0.02174
0.06522
0.06522
0.02174
0.10870
0.04348
0.02174
0.02174
0.02174
0.50000
0.76087
0.02174
0.04348
0.02174
0.02174
1.00000
0.02174
0.02174
0.02174
0.04348
0.02174
0.02174
0.02174
1.00000
0.02174
0.02174
0.02174
0.02174
1.00000
0.02778
0.04348
0.02174
0.06522
0.02174
0.02778
0.14634
0.38636
0.61905
1.00000
0.10870
0.06522
0.13043
0.02174
0.93478
0.93478
1.00000
0.02174
0.06522
0.02174
0.06522
0.02174
0.02174
0.02174
0.02174
0.02174
0.04348
0.02174
1.00000
0.06522
0.02174
0.08108
0.02174
1.00000
0.02222
0.02174
0.02174
0.02174
0.02174
1.00000
1.00000
0.02174
0.06522
0.02174
0.02174
0.02857
1.00000
0.02174
0.15217
0.04348
0.02174
0.91304
0.02174
1.00000
0.04348
0.02174
0.02174
0.02273
0.02564
0.07500
0.02174
0.08696
0.10256
0.02174
0.02174
0.02174
0.02174
0.02174
0.04348
0.02174
0.02174
0.15000
0.02174
0.02174
0.02174
0.02174
0.02174
0.02174
0.02174
0.04348
0.06522
0.02174
0.02174
0.02174
0.06522
0.02174
0.08696
0.02381
0.02174
0.04348
0.02439
0.13043
0.02174
1.00000
0.15217
0.02174
0.10870
0.02174
0.02174
0.02174
0.32609
0.02174
0.02326
0.02174
0.02174
0.02439
1.00000
0.02174
0.06522
0.02174
0.02174
0.10870
0.06522
0.10870
0.02174
0.06522
0.89130
1.00000
0.13043
0.06522
0.32609
0.04348
0.02174
0.02174
0.02174
0.02174
0.02174
0.13043
0.02174
0.02174
0.05556
0.02174
0.76087
0.06522
1.00000
0.02174
1.00000
0.02174
0.06522
0.02174
1.00000
0.02174
0.06522
0.02174
0.02174
0.02174
0.02174
0.02174
0.04348
0.02174
0.06522
0.02174
0.02174
0.02174
0.06522
0.06522
0.02174
0.02174
0.04348
0.02174
0.02174
1.00000
0.02174
0.04348
1.00000
0.02174
0.04348
0.02174
0.02174
0.04348
0.02273
0.02439
0.02174
0.02174
0.04348
0.02174
0.02174
0.97619
0.02174
0.06522
1.00000
0.02174
1.00000
0.06522
0.02273
0.02326
0.02174
0.50000
1.00000
0.02174
1.00000
0.02174
0.08696
0.15556
0.02174
0.02174
0.04348
0.04348
0.02174
0.02174
1.00000
0.02174
0.10870
0.02174
0.10870
0.02174
0.04348
0.06522
0.02174
0.04348
0.32609
0.04348
0.02174
0.02174
0.02174
0.10870
1.00000
0.76087
0.06522
0.06522
0.02174
0.02174
0.02174
0.10870
0.02174
0.02174
0.02174
0.02174
1.00000
0.02174
0.93548
0.04348
0.02174
0.02174
0.02174
0.02174
0.02174
0.04762
0.02174
0.93478
0.02174
0.02174
0.02174
0.02174
0.04348
0.02174
1.00000
0.02174
1.00000
1.00000
0.10870
0.93478
0.02174
0.02174
0.06522
0.02174
0.32609
0.04348
0.17391
0.02174
0.32609
0.02174
0.02174
0.04348
0.04348
0.02174
0.02174
0.02174
0.02174
0.02174
0.02174
0.02174
1.00000
0.02174
1.00000
0.93478
1.00000
0.02174
0.04348
0.06522
0.06522
0.02174
0.02174
0.02174
0.02174
0.02174
0.02174
0.04762
0.02174
0.06522
0.93478
0.15217
0.06522
0.04348
0.06522
0.02174
0.02174
0.02174
0.02174
0.02174
0.93478
0.91304
0.08571
0.02174
1.00000
0.02174
0.02174
0.13043
0.06522
0.02174
0.10870
0.02174
0.06522
0.06522
0.02174
0.02174
0.02174
0.93478
0.02174
0.02174
0.06522
0.06667
0.03448
0.02174
0.02174
0.02174
0.02174
0.02174
0.02174
0.02174
0.15217
0.02174
0.02174
0.02174
0.02174
0.02174
0.02174
0.02174
0.02174
0.06522
1.00000
0.04348
1.00000
0.02174
0.93478
0.02174
0.02174
0.02174
0.02174
0.02174
0.10870
0.02174
0.06522
1.00000
0.02174
0.02174
0.02174
0.04348
0.13043
0.02174
0.02174
0.02174
0.04348
0.04348
0.02174
0.02174
0.02174
0.93478
0.02174
0.10870
0.02174
0.04348
0.02174
0.02174
0.02174
0.02174
0.02174
0.93478
0.02174
0.15217
0.02174
0.02174
0.06522
0.04348
0.02174
0.02174
0.13043
0.04348
0.02174
0.02174
0.02174
0.06522
0.02174
0.06522
0.02174
0.06522
0.06522
0.02174
0.02174
0.06522
0.04348
0.02174
0.13043
0.76087
0.02174
0.02174
0.13043
0.02174
0.10870
0.02174
0.06522
0.15217
0.20690
0.02174
0.02174
0.02174
0.02174
0.04348
0.06522
0.02174
0.02174
0.02174
0.02174
0.02174
0.10870
0.15217
1.00000
0.02174
0.10870
0.02174
1.00000
0.93478
0.13043
0.06522
0.02174
0.76087
0.13043
0.02174
0.06522
0.02174
0.02174
0.02174
0.06522
0.02174
0.02174
0.02174
0.02174
0.08696
0.05714
0.08333
1.00000
0.08696
0.02174
1.00000
0.02174
0.02174
0.02174
0.04348
0.06522
0.02174
0.02174
0.02174
0.08696
0.02174
0.02174
0.02174
0.04348
0.93478
0.02174
0.10870
0.02174
0.02174
0.06522
0.02174
0.91304
0.15217
0.02174
0.02174
0.13043
0.02174
0.02174
0.02174
1.00000
0.10870
0.02174
0.13043
0.02174
0.06522
0.02174
0.06667
0.93478
0.02174
1.00000
0.89130
0.02174
0.02174
0.02174
1.00000
0.02174
0.02174
0.02174
0.13043
0.06522
1.00000
0.02174
0.02174
0.02174
0.02174
0.04348
1.00000
0.02174
1.00000
0.02174
0.15217
0.10870
0.02174
0.13043
0.04348
0.02174
1.00000
0.02174
0.02174
0.02174
0.02778
0.02174
0.02174
0.04348
0.02174
0.02174
0.02174
0.02174
0.04348
0.02174
0.02174
0.02174
0.02174
0.02326
0.02174
1.00000
0.02174
0.13043
0.02174
0.02174
0.04348
0.02174
0.44444
0.11628
1.00000
0.13043
0.02174
0.10870
0.02174
1.00000
1.00000
0.02174
0.02174
0.15217
0.02174
0.02174
1.00000
0.04348
0.02174
0.02174
0.02174
0.02174
0.02174
0.06522
0.04348
0.02174
0.02174
0.02174
1.00000
0.02174
0.02174
0.02174
0.02174
0.02174
0.02174
0.02174
0.10870
0.08696
0.02222
1.00000
0.04348
0.06522
0.04348
0.02174
1.00000
0.02174
0.18519
0.13043
0.04348
0.20513
0.02174
0.02174
1.00000
0.08696
0.02174
0.10870
0.04348
0.02174
0.06522
0.02174
0.04348
0.02174
0.04348
0.93478
0.02174
0.02174
1.00000
0.06522
0.02174
0.10870
0.02174
0.17391
0.13043
0.02174
0.06522
0.02174
0.02174
0.04348
0.02174
0.06522
0.02174
0.06522
1.00000
0.02174
0.02174
0.02174
0.04444
0.02174
0.04348
0.06522
0.08696
0.02174
0.02174
0.02174
0.02174
0.06522
0.02174
0.04348
0.04348
1.00000
0.04348
0.04348
0.02174
0.02174
0.80000
0.02174
0.02174
0.04348
1.00000
0.02174
0.02174
0.04348
0.93478
0.02174
0.02174
0.02174
0.10870
0.02174
0.04348
0.04348
0.02174
0.02174
0.02174
0.93478
0.02174
0.02174
0.50000
0.13043
0.02174
0.02174
0.02174
0.02174
0.02174
0.11111
0.02564
0.04348
0.02174
0.02174
0.02174
0.04348
0.02174
0.04348
0.02174
0.04348
1.00000
0.06522
0.02174
0.06522
0.02174
0.06522
0.13043
0.02174
0.02174
0.04348
0.04348
0.06522
0.06522
0.06522
0.02174
0.02174
0.04348
0.02174
0.06522
0.02174
0.02174
0.02174
0.02174
0.02174
0.13043
0.02174
0.89130
0.02174
1.00000
0.93478
0.02174
0.02174
0.02174
1.00000
1.00000
0.02174
0.02174
1.00000
1.00000
0.26087
0.06522
0.02174
0.02500
1.00000
0.09302
0.06522
0.02174
0.02174
0.06522
0.02174
0.09302
0.04878
1.00000
0.02222
0.10870
0.02174
0.02174
0.13043
0.10870
0.13043
0.02174
0.13043
0.02174
0.02174
0.97826
0.02174
1.00000
0.04348
0.02174
0.04348
0.02174
0.15217
0.95349
0.02174
0.02174
0.02174
0.15217
1.00000
0.10870
0.13043
0.13043
0.02174
0.02174
0.02174
0.76087
0.04348
0.02174
0.02174
0.06522
0.02174
0.02381
0.32609
1.00000
0.02174
0.95556
0.02174
0.10870
0.02174
0.93478
0.02174
1.00000
0.04348
0.06522
0.02174
0.50000
0.02174
0.04348
0.02174
0.02174
0.94118
0.50000
0.02174
1.00000
0.15217
0.02174
1.00000
0.02174
0.02174
0.02174
0.02174
0.02174
0.02174
0.02174
0.02174
0.08696
0.02174
0.02174
0.06522
1.00000
0.06522
0.02174
0.06522
0.02174
0.07895
0.02174
0.02174
0.06522
0.02174
0.13043
0.02174
0.02174
0.02174
1.00000
0.02174
0.04348
0.32609
0.02174
0.17391
0.09677
0.06522
0.02174
0.02174
0.02174
0.04348
0.02174
0.02174
0.02174
0.02174
0.02174
0.04348
0.02174
1.00000
0.02174
0.02174
0.04348
0.02174
0.02174
0.02174
0.02174
0.02174
0.02174
0.02174
0.02174
0.93478
0.02174
0.02174
0.89130
0.02174
0.02174
0.02174
0.02174
0.02174
0.10870
0.02174
1.00000
0.06522
0.02174
0.02174
0.02174
0.02174
0.02174
0.02174
0.04348
0.02174
0.02174
0.02174
1.00000
0.10870
0.02174
0.02174
0.02174
0.02174
0.02174
0.02174
0.02174
0.06522
0.02174
0.02174
1.00000
1.00000
0.02174
0.02174
0.02174
0.02174
0.03030
0.02174
0.02174
0.02174
0.02174
0.02174
0.13043
0.02174
0.02174
0.02174
0.06522
0.02174
0.10256
1.00000
0.93478
0.06522
0.06522
0.02174
1.00000
1.00000
0.02174
0.02174
0.02174
1.00000
0.04348
0.02174
0.02174
0.76087
0.02174
0.02174
1.00000
0.02222
1.00000
0.13043
0.02174
0.02174
0.13043
0.02174
0.02174
0.02174
0.02174
0.04348
0.08696
0.76087
0.02174
0.02174
0.06522
0.02174
0.15217
0.02174
0.02174
0.02174
0.02174
0.02174
0.02174
0.02174
0.02174
1.00000
0.02174
0.02174
0.02174
0.04348
0.04348
0.02174
1.00000
0.06522
1.00000
0.04348
0.89130
0.02174
0.02174
0.02174
0.02174
0.93478
0.02174
0.10000
0.02174
0.13043
0.02174
0.08696
0.02174
0.04348
0.93478
1.00000
0.02174
0.02174
0.06522
0.06522
0.02174
0.02174
0.06522
0.06522
1.00000
0.02174
0.04348
0.02174
0.06522
0.04348
1.00000
0.02174
0.02174
0.06522
0.02174
0.06522
0.02174
0.02174
0.02174
0.02174
1.00000
0.02174
0.13043
1.00000
0.10870
0.02174
0.02174
0.02174
0.10870
0.02174
0.02174
0.13043
0.04348
0.04348
0.02174
0.13043
0.02174
0.04348
0.13043
0.76087
0.02174
0.02174
0.89130
0.02174
0.97561
0.93478
0.06522
1.00000
0.02174
1.00000
0.04348
0.02174
0.13043
0.06522
0.06522
0.06522
0.13043
1.00000
0.15217
0.15217
1.00000
0.04348
0.02174
1.00000
1.00000
1.00000
0.02174
0.02174
0.13043
0.02174
0.06522
0.02174
0.13043
0.02174
0.89130
0.02174
0.91304
0.02174
0.06522
0.02174
0.13043
0.06522
0.86207
0.02174
0.13043
0.02174
0.04348
0.02174
0.02174
0.04348
0.02174
0.02174
0.02174
0.02174
0.02174
0.02174
0.02174
0.06522
1.00000
0.02326
0.50000
0.13043
0.93478
0.02174
0.02174
0.08696
0.02174
0.91304
0.02174
0.93478
0.02174
0.02174
0.32609
0.04348
1.00000
0.02174
0.02174
0.93478
0.02174
0.85366
1.00000
0.06522
0.02174
0.02174
1.00000
0.02174
0.02174
0.02174
0.02174
0.04348
0.02174
0.02174
0.02174
0.02222
0.06522
1.00000
0.02174
0.06522
0.02174
0.08696
0.02174
0.02174
0.02326
0.02174
1.00000
0.02174
0.02174
1.00000
0.02174
0.02174
1.00000
0.93478
0.02174
0.02174
0.02174
0.02174
0.02174
0.02174
0.02174
0.02174
0.02174
0.93478
0.02174
0.02174
0.02174
0.02174
0.17391
0.02174
1.00000
0.02174
0.13043
0.02174
0.02174
0.08696
0.93478
1.00000
0.02174
0.02174
0.02174
0.02174
0.02174
0.17391
0.10870
0.02174
0.93478
0.02174
0.02174
0.02174
0.02174
0.06522
0.02174
0.02174
0.04348
0.06522
0.02174
0.08696
0.02174
1.00000
0.02174
0.02174
0.04348
0.02174
0.02174
0.32609
0.13043
0.02174
0.02174
0.02174
0.05714
1.00000
0.06522
1.00000
0.02174
0.76087
0.02174
0.15217
0.04348
0.02174
0.06522
0.06522
0.02174
0.06522
0.06522
0.02174
0.04348
0.02174
0.02174
1.00000
0.02174
0.02174
0.02174
0.02174
0.02174
0.02174
0.02174
0.13043
1.00000
0.04348
0.02174
0.02174
0.08696
0.32609
0.02174
0.02174
0.02174
0.02174
0.02174
0.93478
1.00000
0.10870
1.00000
0.02174
0.02174
0.02941
0.09524
1.00000
0.02174
0.02174
0.02174
0.06522
0.02273
0.02174
0.32609
0.02174
0.06522
0.02174
0.02174
0.15217
0.02174
0.10870
0.02174
0.04348
0.04348
0.06522
0.02174
0.02174
0.91304
0.02174
0.08696
0.04348
0.02174
0.02174
0.02174
0.93478
0.02174
0.02174
0.02174
0.02174
0.02174
0.02273
0.08696
0.02174
0.02174
0.04444
0.02174
0.02174
0.02174
0.02174
0.02174
0.15217
0.15217
0.06522
0.04348
0.02174
1.00000
1.00000
0.02174
0.06250
0.06522
0.02174
0.04348
0.89130
0.02174
0.04348
0.06522
0.04348
0.02174
0.10870
0.02174
0.10870
0.02174
0.93478
1.00000
0.02174
0.15217
0.02174
0.10870
1.00000
0.47727
0.10714
0.02174
0.02174
0.02174
0.02174
0.17391
0.76087
0.02174
0.02174
0.02174
0.06522
0.93478
0.02174
0.13043
0.02174
0.02174
0.13043
1.00000
0.02174
1.00000
0.02174
0.02174
0.13043
0.04348
0.02174
0.02174
0.02174
0.06522
0.02174
1.00000
0.02174
0.02174
0.06522
0.02174
0.02174
1.00000
1.00000
0.04348
0.02174
0.04348
0.08696
1.00000
0.15217
0.02174
0.02174
0.02174
0.15217
0.02174
0.10870
0.02174
0.84783
1.00000
1.00000
0.02174
0.02174
0.02174
0.77778
0.13043
0.89130
0.15217
0.32609
0.32609
0.02174
0.04762
0.02174
0.06522
0.02174
0.06522
0.02174
0.02174
0.02381
0.02273
0.02174
0.02326
0.04348
0.13043
0.04348
0.02174
0.10870
0.08696
0.02174
1.00000
0.02174
0.32609
0.02174
0.02174
0.13043
0.04348
0.04348
0.02174
0.10870
0.15217
0.10870
0.08696
0.02174
0.13043
0.02174
0.02174
0.89130
0.02174
0.13043
1.00000
0.02174
1.00000
0.02174
0.06522
0.04348
0.02174
0.02174
0.02174
0.02174
0.02174
1.00000
0.13043
0.04348
0.02174
1.00000
0.02174
0.02174
0.15217
0.10870
0.93478
0.06522
1.00000
0.02174
0.02174
0.02174
0.04762
0.04348
0.10870
0.04348
0.06522
0.02174
0.06522
0.08696
0.06522
0.02174
0.02174
0.02174
1.00000
0.02174
0.08696
0.02174
0.02174
0.06522
0.93478
0.02174
0.02174
0.02174
0.06522
0.02174
0.04348
0.04348
0.02174
0.08696
0.02174
0.02174
0.02174
0.02174
0.04348
0.04444
1.00000
0.02174
0.02174
0.15217
0.02174
0.02174
0.02174
0.02174
0.02174
0.15217
1.00000
0.06522
0.02174
0.13043
1.00000
0.02174
0.04348
0.02174
0.02174
0.10870
0.76087
0.04651
0.02174
0.02174
0.02174
1.00000
0.06522
0.02174
0.02174
0.02174
0.02174
0.02174
0.04348
0.02174
1.00000
0.02174
0.02174
0.06522
0.04348
0.02174
0.02222
0.93023
0.02222
0.06522
1.00000
0.06522
0.02174
0.03030
0.02174
0.08696
0.93478
0.02174
0.93478
0.06522
0.90909
0.10870
0.02174
0.02174
0.02174
0.02174
0.02174
0.02174
0.13043
0.02174
0.02174
0.13043
0.06522
0.02174
0.93478
0.13043
1.00000
0.08696
0.02174
0.02174
0.02174
0.06522
0.02174
0.02174
0.04348
0.10870
0.02174
0.15217
0.13043
0.02174
0.02174
1.00000
0.02174
0.02174
0.02174
0.15217
1.00000
0.06522
0.02174
0.02174
0.02174
0.90909
0.06522
0.10870
0.02174
0.04348
0.02174
0.04348
0.89130
0.10870
0.15217
0.02174
0.02174
0.02174
0.02174
0.02174
0.02174
0.02174
0.50000
0.06522
1.00000
0.02778
0.93478
0.08696
0.10870
0.02174
0.02174
0.15217
0.15217
0.02174
0.15217
0.02174
0.04348
0.15217
0.02174
0.08696
0.02174
0.02174
0.02174
0.02174
0.02174
0.06522
0.02174
0.02174
0.02174
0.08696
0.04878
0.02174
0.02174
0.02174
0.02174
0.02174
1.00000
0.06522
0.02174
0.04348
0.12500
0.02174
0.02174
0.02174
1.00000
0.89130
0.02174
0.02174
0.02174
0.13043
0.13043
0.02174
0.02174
0.02174
0.02174
0.06522
0.10870
0.04348
0.02174
0.02174
0.04348
1.00000
0.04348
0.02174
0.06522
1.00000
1.00000
0.02174
0.02174
0.08696
0.02174
0.10870
0.13043
0.02174
0.02174
1.00000
0.02174
0.02174
0.13043
0.02174
0.02381
0.02632
0.02174
0.93478
0.02174
0.06522
0.15217
0.02174
0.02174
0.13043
0.13043
0.08696
0.02174
0.02174
0.02174
0.06522
0.02174
0.02174
0.02174
0.02174
0.02174
0.02174
1.00000
0.02174
0.02174
0.02174
0.02174
0.02174
0.06522
1.00000
0.02174
0.76087
0.02174
0.04348
0.02174
0.02174
0.06522
0.04348
0.13043
0.10870
0.02174
0.06522
0.04348
0.02174
0.02174
0.02174
0.02174
0.02174
0.02174
0.93478
0.02174
0.02174
1.00000
0.15217
0.13043
0.02174
1.00000
0.02174
0.02174
0.04348
1.00000
0.02174
0.06522
0.02174
1.00000
0.02174
1.00000
0.93478
0.02174
0.06522
0.13043
1.00000
0.06522
0.02174
1.00000
0.02174
0.02174
0.02174
0.02174
0.10870
1.00000
0.04348
0.02174
0.02174
0.13043
0.02174
0.06522
0.02174
0.95556
0.13043
0.02174
0.50000
0.02174
0.06522
0.02222
0.02174
0.02174
0.93478
0.04348
0.02174
0.02174
0.02174
0.10870
0.02174
0.02174
0.06522
0.08696
0.13043
0.02174
0.06522
0.02174
0.02174
1.00000
0.95238
0.02174
0.06522
0.93478
0.02174
0.07317
0.02174
0.06522
1.00000
0.03333
0.02174
0.02174
0.10870
0.12500
1.00000
0.02174
0.02174
0.06522
0.06522
0.02174
0.02174
0.02174
0.06522
0.02174
0.02174
0.02174
0.02174
0.02174
0.02174
0.02174
0.02174
1.00000
0.02174
0.04348
0.15556
0.04348
0.02174
0.02174
0.02174
0.04348
0.02174
1.00000
0.06522
0.04348
0.02174
0.02174
0.02174
0.02174
0.02174
0.06522
0.02174
0.93478
0.04348
1.00000
0.02174
0.06522
0.10870
0.02174
0.02174
0.78571
0.76087
0.02174
0.10870
0.06522
0.02174
0.02174
1.00000
0.06522
0.02174
1.00000
0.76087
0.06522
0.02174
0.17391
1.00000
0.15217
0.02174
0.04348
0.10870
0.34783
1.00000
0.04348
0.02174
0.04348
0.02174
0.04348
0.02174
1.00000
0.02174
0.10870
0.93478
0.02174
0.02174
0.04348
0.02174
0.02174
0.06452
1.00000
0.02174
0.02174
0.06522
0.02174
0.02174
0.06522
0.04348
0.02174
0.02857
0.02174
0.03030
0.02174
0.02174
0.08696
0.06522
0.08696
1.00000
0.04348
0.76087
0.04348
0.97436
0.13043
1.00000
0.02174
0.02174
0.02174
0.02174
0.02174
0.02174
0.02174
0.02174
0.02174
0.93478
0.04348
0.02174
0.06522
0.05714
0.04348
1.00000
0.02174
0.02174
0.02174
0.06522
0.02174
0.13043
0.13043
0.02174
0.02174
0.02174
0.02174
0.02174
0.02174
0.02174
0.13043
0.02174
0.15217
0.04348
0.10345
0.15217
0.02174
0.06522
0.02174
0.10870
0.02174
0.04348
0.02174
0.02174
1.00000
1.00000
1.00000
0.02174
1.00000
0.04348
0.02174
0.04348
0.02174
0.02174
0.08696
0.06522
0.02174
0.50000
0.06522
1.00000
0.02174
0.15217
0.06522
0.06522
0.04348
0.02174
1.00000
0.04348
0.02174
0.15217
0.02174
0.02174
0.06522
0.02174
0.08696
0.06522
0.02174
0.02174
0.06522
0.02174
0.02174
0.13043
0.06522
0.02174
0.02174
0.02174
0.02174
0.50000
0.02174
0.02174
0.02174
0.02174
0.02222
0.02174
0.13043
0.06522
1.00000
0.06522
1.00000
0.04348
0.10870
0.06522
1.00000
0.02174
0.02174
0.02174
0.32609
0.08696
0.02174
0.15217
0.02174
0.06522
0.02174
0.93478
0.02174
1.00000
0.02174
1.00000
0.10870
1.00000
0.93478
0.08696
0.06522
0.06522
0.04546
0.02174
0.50000
0.02174
0.02174
0.02174
0.06522
0.02174
1.00000
0.02174
0.02174
0.06522
0.02174
0.06522
0.02174
0.02174
1.00000
0.04348
0.13043
1.00000
1.00000
0.06522
0.02174
0.04348
0.02326
0.03226
0.13043
0.06522
0.02174
0.02174
0.06522
0.02174
0.02174
0.02174
0.02174
0.02174
0.02174
0.06522
0.02174
0.02174
0.10870
0.02174
0.13043
0.02174
0.93478
0.05714
0.13043
0.15217
0.08696
0.04348
0.02174
0.89130
0.02174
0.02174
0.02174
0.02174
0.02174
0.02174
0.04878
0.02174
0.93478
0.02439
0.02174
0.04348
0.02174
0.02174
0.06522
0.02174
1.00000
0.02174
0.04348
0.50000
0.02174
1.00000
0.02174
0.04348
1.00000
0.06522
0.02174
0.02174
0.02174
0.04444
0.04444
0.02174
0.02500
0.15217
0.02174
0.02174
0.02174
0.06522
1.00000
0.02174
0.02174
0.50000
1.00000
0.06522
0.02174
0.02222
0.02174
0.02273
0.06667
0.06452
0.02174
1.00000
0.02174
0.05263
0.06522
0.02174
0.93478
1.00000
0.06522
0.02174
1.00000
0.02174
0.02174
0.02174
0.06522
0.02174
0.10870
0.50000
0.06522
0.06522
0.02174
0.04348
0.02174
0.06522
0.17391
0.02174
0.04348
0.02174
0.02174
0.02174
1.00000
0.02174
0.04348
0.02174
0.02174
0.13043
0.13043
0.02174
0.02174
1.00000
0.02174
0.02174
0.32609
0.02174
0.02174
1.00000
0.02174
0.15217
0.02174
1.00000
0.02174
0.13043
0.02174
1.00000
0.02174
0.02174
1.00000
0.45454
0.93478
0.10870
0.02174
0.08696
0.02174
0.02174
0.02174
1.00000
0.93478
0.02174
1.00000
0.02174
0.02174
0.04348
0.02174
0.02174
0.04348
0.02174
0.02174
0.02174
0.04348
0.02174
0.02174
0.13043
0.02174
0.02174
0.06522
0.02174
0.06522
0.06522
1.00000
0.02174
0.02174
0.02174
0.02174
0.02174
0.50000
1.00000
0.04348
0.02174
0.02174
0.06522
0.02174
0.02174
0.06522
0.10870
0.06522
0.02174
0.02174
0.02174
0.02174
0.10870
0.02174
0.02174
0.11111
0.13043
0.02174
0.04348
0.02174
0.04348
0.02174
0.02174
1.00000
0.02174
0.06522
0.02174
0.15217
0.02174
0.93478
0.06522
0.02174
0.02174
0.04348
0.02174
0.02174
0.02174
1.00000
0.02174
1.00000
0.02174
0.02174
0.15217
0.13043
0.76087
1.00000
0.91304
0.97826
0.04348
0.02174
0.02174
1.00000
0.02174
1.00000
0.50000
0.06522
0.02174
0.04348
0.06522
0.04348
0.02174
0.13043
0.02174
0.02174
0.76087
0.02174
0.50000
0.02174
0.02174
0.04348
0.02174
0.06522
0.04348
0.89130
0.02174
0.04348
0.02174
0.02174
0.02174
0.04348
0.02174
0.02174
0.34783
0.02174
0.10870
0.13043
0.02174
0.02174
0.02174
0.02174
1.00000
0.02174
0.10870
0.15217
0.02174
0.02174
0.03030
0.02174
0.15217
0.02174
0.02174
0.02174
0.06522
0.10870
0.02174
0.02174
0.04348
0.02174
0.10870
1.00000
0.02174
0.02174
0.17391
0.02174
0.02174
0.02174
0.32609
0.02174
0.02174
0.04348
0.02564
0.02174
0.02174
0.02174
0.02174
0.06522
0.02174
0.02174
0.02174
0.02174
0.02174
0.02174
0.02174
0.02174
0.02174
0.02174
0.04348
1.00000
0.02174
1.00000
0.02174
0.02174
1.00000
0.02174
0.02174
0.10870
0.02174
0.06522
0.02174
0.04348
0.04348
1.00000
1.00000
0.02174
1.00000
0.89130
0.89130
0.02174
0.06522
0.02174
0.02174
0.02174
0.02174
0.02174
0.91304
0.02174
0.02174
0.08696
0.13043
0.13043
0.02222
1.00000
1.00000
1.00000
0.06522
1.00000
0.02174
0.02174
0.32609
0.02174
0.02174
0.02174
0.93478
0.10870
0.13043
0.04348
0.02174
0.05882
0.05263
0.02174
0.06522
0.15217
0.07692
0.32609
0.08696
0.13158
0.13043
0.04348
0.02174
0.02174
0.02174
0.02174
0.06522
0.02174
0.02174
0.93478
0.02174
0.02174
0.02174
0.13043
0.02174
0.02174
0.13043
0.10870
0.02174
1.00000
0.02174
0.02174
0.02174
0.02174
0.02174
0.89130
0.93478
0.02174
0.02174
0.13043
0.02174
0.02174
0.02174
1.00000
0.26087
0.02174
0.02174
0.02174
0.06522
1.00000
0.17391
1.00000
0.02174
1.00000
0.02174
1.00000
0.02174
0.76087
0.04348
1.00000
0.02174
0.02174
0.93478
0.02174
0.04348
0.13043
0.13043
0.02174
0.50000
0.15217
1.00000
0.02174
0.10870
0.93478
0.02174
0.10870
0.02174
0.02174
0.04348
0.02174
0.02174
0.02174
0.06522
1.00000
0.04348
0.93478
0.04348
0.02174
0.06522
0.02174
0.02174
0.02174
0.02174
0.13043
0.02174
0.13043
0.02174
0.04348
0.15556
0.06522
0.06522
0.02174
0.04348
0.03448
0.02174
0.06522
0.10870
0.04348
0.02174
0.04348
0.02174
0.06522
0.06522
1.00000
0.13043
0.06522
0.06452
0.06522
0.02174
1.00000
0.02174
0.02174
0.06522
1.00000
0.02326
0.06522
0.02174
0.02174
0.02174
0.02174
0.02174
0.02174
0.06522
0.02174
1.00000
0.50000
0.02174
0.13043
0.02174
0.13043
1.00000
0.02174
0.32609
0.15217
0.02174
0.02174
1.00000
0.02174
0.02174
1.00000
0.02500
0.02174
0.02174
0.02174
0.02174
0.02174
0.10870
0.02174
0.02174
0.02174
0.06522
0.10870
0.17391
0.02174
0.02174
0.08696
0.06522
0.02174
0.02174
1.00000
0.02174
0.08696
0.13043
0.10870
0.02174
0.34783
1.00000
0.02174
1.00000
0.02174
0.02174
0.15217
1.00000
0.06522
0.04348
1.00000
1.00000
0.89130
0.02174
0.15217
0.02174
0.02174
0.02174
0.13043
0.02174
0.06522
0.02439
0.10870
0.32609
0.02174
0.02174
0.02174
0.02174
0.02174
0.02174
0.04546
0.06522
0.02174
0.02174
0.02174
1.00000
0.76087
0.02174
0.06522
0.02174
0.02174
0.06522
0.06522
0.02174
0.02174
0.04348
0.02174
0.02174
1.00000
0.06522
0.10870
0.02174
0.13043
0.10870
0.02174
1.00000
0.06522
0.76087
0.02174
0.02174
0.06522
0.02174
0.02174
0.02174
0.02174
0.02174
0.04348
0.02174
0.13043
0.02174
0.04546
0.93478
0.02174
0.02174
0.02174
0.04348
0.02174
0.02174
0.02174
0.10870
0.93478
1.00000
0.06522
1.00000
1.00000
0.02174
0.04348
0.02174
0.04348
0.04348
0.02174
0.13043
0.12195
0.02174
0.02174
0.06522
1.00000
0.97826
0.02174
0.02174
1.00000
0.02439
0.02174
0.26087
0.02174
1.00000
0.02174
0.02174
0.04348
0.06522
0.02174
0.02174
0.02174
0.06522
0.02174
0.04348
0.02174
0.02174
0.50000
0.02174
0.04348
0.02174
0.02174
0.02174
0.93478
0.02174
0.93478
0.04348
0.02174
1.00000
1.00000
0.89130
0.02174
0.02174
0.02174
0.02174
0.15217
1.00000
0.04348
0.02174
0.13043
0.02174
0.02174
0.06522
0.02174
0.02174
0.93478
0.02174
0.06522
0.06977
0.02174
1.00000
1.00000
0.10870
0.02174
0.02174
0.50000
1.00000
0.13043
1.00000
0.10870
0.02174
0.02174
0.13043
0.02174
0.02174
1.00000
0.02174
0.10870
0.04348
0.06522
0.04348
0.02174
0.02174
1.00000
0.02174
0.02174
0.06522
0.04348
0.06522
0.13043
0.10870
0.76087
0.93478
0.02174
1.00000
1.00000
1.00000
0.02174
0.02174
0.06522
0.13043
0.02174
0.10870
1.00000
0.02174
0.04348
0.02174
0.02174
0.08696
0.15217
0.02174
0.02174
0.06522
0.10870
0.02174
0.02174
0.02174
0.10870
0.02174
0.16279
0.02174
0.06522
0.02174
0.02174
0.02174
0.10870
0.76087
0.08696
0.02174
0.02174
0.04348
0.02174
1.00000
0.02174
0.07895
0.02174
0.02174
0.02174
0.50000
0.08696
0.15217
0.02174
0.02174
0.02174
0.06522
0.02174
0.02174
0.02174
0.93478
0.02174
0.02174
0.02174
0.02174
1.00000
0.02174
1.00000
0.02174
1.00000
0.13043
1.00000
0.02174
0.93478
0.02174
0.05882
0.13043
1.00000
0.02174
0.04348
0.02174
0.02174
0.06522
1.00000
0.02174
0.02174
0.76087
0.02174
0.02174
0.02174
0.08696
0.02174
1.00000
0.76087
0.04348
1.00000
0.02174
0.02174
0.08696
1.00000
0.50000
0.02174
0.04348
0.02174
0.02174
0.15217
0.02174
0.17391
0.06522
0.06522
0.02174
0.02174
0.06522
0.02174
0.02174
0.10870
0.02174
0.02174
0.02174
0.02174
0.02174
0.02174
0.02174
0.04348
0.02174
1.00000
0.04348
0.07895
0.02174
0.02174
0.02174
0.02174
0.02174
0.02174
0.02174
0.48000
0.02174
0.13043
0.02174
0.04348
0.13043
0.04348
0.02174
0.02174
0.02174
1.00000
0.02174
0.93478
0.02174
0.15217
0.02174
0.02174
0.02174
1.00000
0.02174
0.50000
0.02174
0.04348
0.04348
0.04348
0.06522
0.02174
0.91304
0.02174
0.93478
0.04348
0.02174
0.04651
0.09375
0.03125
0.06522
0.02174
1.00000
0.02174
0.02174
1.00000
0.04348
0.93478
0.02174
0.02174
0.08696
0.02174
0.02174
0.02174
0.02174
0.02174
0.06522
0.02174
0.04348
1.00000
0.02174
0.15217
0.02174
0.15217
0.02174
0.15217
0.02174
0.06522
0.02174
0.04348
0.15217
0.02174
0.04348
0.32609
0.09677
0.02174
0.93478
0.02174
0.06818
0.04348
0.02174
0.13043
0.08823
0.02174
1.00000
0.10526
0.06522
0.04348
0.02174
0.02174
0.13043
0.13043
0.06522
0.02174
0.08696
0.02174
0.93478
0.02174
0.06522
0.04348
0.02174
0.06522
0.06522
0.16279
0.02174
0.02174
0.04348
1.00000
0.04348
0.02174
0.93478
1.00000
0.02174
0.15217
0.02174
0.03571
0.06522
1.00000
0.02174
0.02174
0.02174
0.02174
0.10870
0.10870
0.08696
0.32609
1.00000
0.15217
0.02174
1.00000
0.10870
0.93478
0.02174
0.15217
0.06522
0.02174
0.02174
0.10870
0.02174
0.76087
0.02174
1.00000
0.02174
1.00000
0.02174
1.00000
1.00000
0.02174
0.32609
0.02174
0.06522
1.00000
0.04348
1.00000
1.00000
0.17391
1.00000
0.02174
0.02174
0.04348
0.02174
0.76087
0.02174
0.02174
0.02174
0.02174
0.02174
0.02174
0.06522
0.02174
0.02174
0.02564
0.02174
0.04348
0.02174
0.02174
0.13043
0.02174
0.02174
0.02174
0.02174
0.02174
0.02174
0.02174
0.02174
0.06522
0.06522
1.00000
0.02174
0.04348
0.02174
0.02174
0.02174
0.06522
0.02174
0.06522
0.02174
0.02174
0.05714
0.02174
0.02174
0.02174
0.02174
0.02174
0.02174
0.02174
0.02174
1.00000
0.02174
0.08696
0.08696
0.02174
0.02174
0.02174
0.02174
0.02174
0.02174
0.02174
0.17391
0.04348
0.06522
0.02174
1.00000
0.02174
0.02174
0.02174
0.02174
0.04348
0.04348
0.89130
0.02174
0.02174
0.02174
0.02174
0.02174
0.93478
0.02174
0.10870
0.02174
0.02174
0.10870
0.17391
0.02174
0.04348
0.02174
0.02174
1.00000
0.08696
0.02174
0.02174
0.02174
0.02174
0.02174
0.02174
0.04348
0.04348
0.02174
0.06522
0.02174
1.00000
0.02174
0.02174
1.00000
0.02174
0.02174
0.02174
0.04348
0.02174
0.02174
0.02174
0.13043
1.00000
0.04348
1.00000
0.02174
0.02174
0.02174
0.04348
0.02174
0.02941
0.12121
0.13043
0.34783
0.06522
0.10870
1.00000
0.04348
0.06522
0.10870
0.02174
0.04348
0.02174
0.02174
0.97619
0.02174
0.02174
0.02500
0.02174
0.02174
0.93478
0.02174
0.02174
0.04348
0.13043
1.00000
0.06522
0.02439
1.00000
0.02174
0.02174
0.02174
1.00000
0.02174
0.93478
0.02174
0.02174
0.04348
0.06522
0.06522
0.08696
0.02174
0.02174
1.00000
0.06522
1.00000
0.06522
0.93478
0.02174
0.02174
0.02174
0.02174
0.02174
0.02222
0.06522
0.02174
0.02174
1.00000
0.02174
0.15217
1.00000
0.02174
0.02174
0.10870
0.02174
1.00000
0.15217
0.04348
0.02174
0.02174
0.02174
0.02174
0.02174
0.40000
0.13043
0.06522
0.13043
0.02174
0.04348
0.13043
0.13043
0.02174
0.89130
0.04348
0.02174
0.04546
0.06522
0.02174
0.10870
0.13043
0.04348
0.04348
0.02174
0.15217
0.02174
0.06522
0.08696
0.02174
1.00000
0.02174
0.50000
0.06522
0.08696
0.02174
0.06522
0.02174
0.02174
0.02174
0.06522
1.00000
0.04348
0.04348
0.32609
0.76087
1.00000
1.00000
0.04348
0.02174
0.93478
0.02174
0.06522
0.02174
0.02174
0.02174
0.02174
0.02174
1.00000
1.00000
0.15217
0.32609
0.06522
0.02174
0.15217
0.02174
0.02174
0.02174
0.02174
0.93478
0.02174
0.02174
0.06522
0.02174
0.13043
0.02174
0.10870
0.91304
0.06522
0.02174
0.02174
0.04348
0.04348
0.02174
0.02222
0.06522
0.04348
0.93478
0.02174
0.02174
0.15385
1.00000
0.02174
0.02174
0.02174
0.04348
0.02174
0.02174
0.02174
0.02174
0.13043
0.02174
0.02174
0.10870
1.00000
0.10811
0.06522
0.06522
0.04348
1.00000
0.02174
0.02174
0.02174
1.00000
0.08696
0.02174
0.08696
0.02174
0.10870
0.02174
0.04651
0.10870
0.02174
0.02174
0.02174
0.02174
0.04348
0.06522
0.02174
0.05128
0.04348
0.02174
0.02174
0.02174
1.00000
0.08696
0.02174
0.02174
0.02174
0.02174
0.02174
0.02174
0.02174
0.02174
0.04348
0.02174
0.06522
1.00000
0.02174
0.02174
0.02174
0.02174
0.04348
0.02174
0.02174
0.06522
0.02174
0.02174
0.02174
0.76087
1.00000
0.02174
0.02174
0.06522
0.02174
0.06522
0.02174
1.00000
0.02174
1.00000
0.15217
0.89130
0.13043
0.02174
1.00000
0.02174
0.06522
0.02174
0.02174
0.02174
0.02174
0.04348
0.02174
0.13043
0.02174
0.02174
0.02174
0.06522
0.06522
0.13043
0.02174
0.04348
0.13043
0.08696
0.02174
0.06522
0.02174
0.02174
0.02174
0.02174
1.00000
0.02174
0.02174
0.93478
0.02174
0.02174
0.13043
0.02174
1.00000
0.06522
1.00000
0.10870
0.02174
0.02174
0.02174
0.02174
0.50000
0.02174
0.10870
1.00000
0.06522
0.02174
0.13043
0.02174
0.02174
0.02174
0.02174
0.02174
0.02174
1.00000
0.10870
0.04348
0.13043
0.06522
0.02174
0.06522
0.02174
0.02174
0.04444
0.02174
0.02174
0.32609
0.02174
0.04348
1.00000
0.02174
0.93478
0.02174
0.02174
0.02174
0.04348
0.02174
0.10870
0.02174
0.02174
0.02174
0.02174
1.00000
0.04348
0.02174
0.02174
1.00000
0.02174
0.06522
0.02174
1.00000
0.02174
0.02326
0.02174
0.02174
0.02174
0.02174
0.02174
1.00000
0.02174
0.02174
0.02174
0.04348
0.02174
0.02174
0.02174
0.02174
0.06522
0.02174
0.02174
0.02174
0.02174
0.02174
1.00000
0.02174
1.00000
0.04348
1.00000
0.06522
1.00000
1.00000
0.10870
1.00000
0.02174
0.15556
0.02174
0.02174
0.13043
1.00000
1.00000
0.04348
0.50000
0.02174
0.02174
0.04348
0.02174
0.02174
1.00000
1.00000
0.04348
0.10870
0.02174
0.13043
0.02174
0.02174
0.02174
0.02174
0.02174
0.02174
0.02174
0.02174
0.02174
1.00000
0.08696
0.02174
0.02174
0.02174
0.04348
0.15217
0.04348
1.00000
0.06522
0.10870
0.02174
1.00000
0.02174
0.02174
0.02174
0.02174
0.02174
0.02174
0.02174
0.32609
0.02174
0.02174
0.04762
0.02174
0.32609
0.04348
1.00000
0.02174
0.02174
0.08696
0.02174
0.02174
0.10870
0.02174
0.02174
0.04348
1.00000
0.02174
0.02174
0.91304
0.02174
1.00000
0.06522
0.08696
0.15217
0.02174
0.06522
0.06522
0.02174
0.02174
0.02174
0.02174
0.02174
0.06522
0.06522
0.02174
0.06522
0.02174
0.04348
1.00000
0.10870
0.02174
0.10870
0.04348
0.15217
0.02174
1.00000
0.02174
0.04348
0.02174
0.50000
0.02174
0.06522
0.02174
0.15217
0.15217
0.02174
0.02174
0.02174
0.02174
0.02174
0.06522
0.02174
0.02174
0.06522
1.00000
0.02174
0.02174
0.02174
0.02174
0.02174
0.04348
0.02174
1.00000
0.10870
0.76087
0.02174
0.02174
0.02174
1.00000
0.10870
0.02174
0.02174
0.89130
0.02174
0.15217
0.02174
0.06522
0.02174
0.02174
0.02174
0.02174
0.02174
0.02174
0.02174
0.02174
1.00000
0.02174
0.02174
0.02174
0.02174
0.02174
0.04348
0.02174
0.02174
0.02174
0.02174
0.02174
0.13043
0.04348
0.02174
0.04348
1.00000
0.04348
0.04348
0.02174
0.02174
0.02174
0.02174
0.02174
0.02174
0.02174
0.89130
0.02174
0.02174
0.02174
0.02174
0.02174
0.02174
0.02174
0.02174
0.02174
0.06522
0.02174
0.02174
0.02174
0.02174
0.06522
0.02174
1.00000
0.04348
1.00000
0.02174
0.02174
0.02174
0.02326
0.02174
0.02174
0.06522
0.02564
0.76087
0.02174
0.02174
0.04348
0.02174
1.00000
0.04348
0.06522
0.02174
1.00000
0.02174
0.02174
1.00000
0.02174
0.02174
0.02174
0.02174
0.02174
0.02174
0.02174
0.02174
0.15217
0.02174
0.08108
0.88462
0.17391
0.91304
0.02174
0.02174
0.02174
0.15217
0.04348
0.02174
0.02174
1.00000
0.02174
0.02174
0.02174
0.02174
0.02174
0.06522
0.89130
0.04348
0.02174
0.02174
0.02174
0.02174
0.02174
0.02174
0.10870
1.00000
0.04348
1.00000
0.04348
0.02174
0.09091
0.08696
0.02326
0.02174
0.02273
0.02174
0.02273
0.04348
0.02273
0.22500
0.06522
0.02174
0.09091
0.02174
0.02174
0.06522
0.06522
0.02174
0.02174
0.02174
0.02174
0.13043
0.13043
0.17391
0.13636
0.15217
0.02174
0.50000
0.06522
0.02174
1.00000
0.93478
0.02174
0.08696
0.02174
0.91304
0.02174
0.02326
0.10870
0.34783
0.02174
0.02174
0.06522
0.02174
0.06522
0.93478
0.02174
0.02174
0.02174
0.04348
0.04348
0.02174
0.06977
0.76087
0.02174
0.02174
0.02174
0.02174
0.15217
0.02174
0.02174
0.15217
0.10870
0.04348
0.09302
0.04348
0.93478
0.02174
0.02174
0.02174
0.10870
1.00000
0.02564
1.00000
0.76087
0.02174
0.02174
1.00000
0.06522
0.02174
0.02174
0.02174
1.00000
0.04348
0.02174
0.02174
1.00000
0.02174
1.00000
0.02174
0.02174
0.02174
1.00000
0.08696
0.04348
0.02174
0.06522
0.02174
0.02174
0.02174
0.02174
1.00000
0.02174
0.13043
0.02174
0.02174
0.02174
0.02174
0.10870
1.00000
1.00000
0.04348
1.00000
0.04348
0.04348
1.00000
0.02174
0.04878
0.02174
0.05263
0.02174
0.04348
0.02174
0.04348
0.02174
0.04348
1.00000
0.06522
0.02174
0.02174
0.13043
0.02174
0.02174
0.02381
0.02174
0.91304
0.02174
0.35135
0.02174
0.02174
0.02174
0.02174
0.02174
0.17391
1.00000
0.02174
0.02174
0.06522
0.08696
0.02174
0.02174
0.02174
0.50000
0.93478
0.73171
0.10870
0.04348
0.02174
1.00000
0.02174
0.02174
0.04348
0.02174
0.93478
0.13043
0.04348
0.02174
0.02174
0.04348
0.06522
0.02174
0.02174
0.89130
0.06522
0.02174
0.02174
0.04348
0.02174
0.04348
0.02174
0.02174
0.02174
0.93478
0.02174
0.04348
0.89130
0.13043
0.08696
0.06522
0.10870
0.02174
0.06522
0.02174
0.93478
0.02174
0.04348
0.02174
1.00000
0.76087
0.02174
0.02174
0.02222
0.02174
0.32609
0.08696
0.06522
0.02174
0.02174
0.02174
0.02174
0.02174
0.02174
0.02174
0.02174
0.02174
0.02174
0.02174
0.02222
0.02174
0.02174
0.02174
0.02174
1.00000
0.02174
0.02174
0.06522
0.02174
0.06522
0.02174
0.02174
0.02174
0.10870
0.02174
0.02174
0.02174
0.02174
0.02174
0.02174
0.02174
0.02174
0.02174
0.02174
0.02174
0.02174
0.04348
0.02174
1.00000
0.02174
0.93478
0.02174
0.04348
0.02174
0.02174
0.02174
0.02174
0.02174
0.02174
0.02174
0.02174
0.02174
0.02174
0.04348
0.02174
0.02174
0.02174
0.93478
1.00000
0.02174
0.02174
0.02174
0.13043
0.02174
0.13043
0.02174
0.06522
0.02174
0.02174
0.02174
0.02174
0.02174
0.91304
0.10870
0.02174
1.00000
0.02174
0.06522
1.00000
0.02174
0.02174
0.02174
0.05882
0.02174
0.15217
0.02174
0.32609
0.02174
0.02174
0.02174
0.10870
0.02174
0.02174
0.06522
0.02174
0.02174
0.15217
0.02174
0.02174
0.32609
0.02174
0.32609
0.02174
0.02174
0.10870
0.02174
0.10256
1.00000
0.06522
0.04348
0.02174
0.02174
0.06522
0.02174
0.89130
0.02174
1.00000
0.02174
0.02174
0.02174
0.02174
0.10870
0.02174
0.02174
0.02273
0.02174
0.02174
0.02174
0.10870
0.04348
0.02174
0.02174
0.10870
1.00000
0.04348
0.06522
1.00000
0.02174
0.02174
0.02174
0.02174
1.00000
0.02174
0.02174
0.02174
0.08696
0.02174
0.10870
1.00000
0.02174
0.02174
0.02174
1.00000
0.02174
0.02174
0.02174
0.93478
0.02174
1.00000
0.06522
0.02174
0.02174
0.04348
0.02174
0.02174
0.02174
0.02174
1.00000
0.02174
0.02174
0.02174
0.76087
0.04348
0.02174
1.00000
0.02174
0.10870
0.02174
0.04348
0.02174
1.00000
0.02174
0.02703
0.02174
0.10870
0.02174
0.02174
0.13043
0.10870
0.02174
0.02174
0.02174
0.93478
1.00000
0.02174
0.02174
0.02174
0.02174
0.02174
0.02174
0.02174
0.02174
0.76087
0.02174
0.06522
0.13043
0.02174
0.02174
0.02174
0.10870
0.10870
0.13043
0.93478
0.02174
0.13043
0.06522
1.00000
1.00000
0.02174
0.02174
0.02174
1.00000
0.02174
0.02174
0.15217
0.02174
0.02174
0.02174
0.02174
0.02174
0.13043
0.02174
0.08696
0.02174
0.02174
0.10870
0.06522
0.02174
0.02174
0.06522
0.17391
0.13043
1.00000
0.02174
0.02174
1.00000
0.02174
0.06522
0.02174
0.10870
0.02174
0.04348
0.02174
0.04348
0.04348
0.02174
0.02174
0.04348
0.06522
0.15217
0.76087
0.13043
0.02174
0.17391
0.02778
0.02174
1.00000
0.13043
0.13043
1.00000
0.02174
0.02174
0.06522
0.06522
0.02174
0.06522
0.06522
0.02174
0.02174
0.02273
0.10870
0.13043
0.04348
0.02174
0.02174
0.02174
0.02174
0.02174
0.08696
1.00000
1.00000
0.02174
0.15217
0.04348
0.04348
0.06522
0.02174
0.13043
0.04348
0.02174
0.02174
0.02174
0.10870
0.02174
0.04348
0.02174
0.02222
0.02174
0.02174
0.02174
0.02703
0.13514
1.00000
0.02174
0.02174
0.02174
0.02174
0.04348
0.02174
0.02174
0.10870
0.02174
0.02174
0.02174
0.02174
0.25000
0.06522
0.02174
0.06522
0.89130
0.02174
0.02174
1.00000
0.02174
0.06522
0.93478
0.02500
0.02174
0.02174
0.02174
0.06522
0.02174
0.02174
0.02174
0.02174
0.04348
0.04348
0.02174
0.02174
0.06522
0.02174
0.04348
0.02174
0.02174
0.02326
0.04348
0.10870
0.02174
0.06522
0.06522
0.03125
1.00000
0.04348
0.02174
0.06522
0.05000
1.00000
0.02174
1.00000
0.02174
1.00000
0.02174
0.02174
0.02174
0.02174
0.50000
0.02174
0.02174
0.15217
0.02174
0.10870
0.03125
0.02174
0.02174
1.00000
0.06061
0.15217
1.00000
0.04348
0.02174
0.08696
0.04348
0.02174
0.02174
0.93478
0.02174
0.50000
0.02174
0.04348
0.06522
0.02174
0.17391
0.02174
0.02174
0.06522
1.00000
0.02174
0.10870
0.06522
0.02174
0.02174
0.02174
0.02174
0.13043
0.02174
0.50000
0.04348
0.02174
1.00000
0.02174
0.02174
0.02174
0.02174
0.02174
0.02174
0.02174
0.02174
0.06522
0.02174
0.02174
0.06522
0.02174
1.00000
0.02174
0.06522
0.04348
0.02174
0.02174
0.15217
0.02174
0.02174
0.13043
0.02174
0.02174
0.02174
0.02174
0.02174
0.02174
0.02174
0.02174
0.02174
0.02174
1.00000
0.02174
0.10870
0.04348
0.02174
0.10870
0.02174
0.02174
0.02174
0.91304
1.00000
0.02174
0.02174
0.04348
0.02174
0.02174
0.08696
0.93478
0.04348
0.06522
0.02174
1.00000
0.15217
0.76087
1.00000
0.02174
0.02174
0.17391
0.06977
0.02564
0.02174
0.02174
0.89130
0.02174
0.02174
1.00000
0.02174
0.02174
0.50000
0.04348
0.02174
0.02174
0.10870
0.02174
0.02174
0.02174
0.13043
0.02174
0.06522
0.02174
0.02174
0.02174
0.06522
0.02174
0.10526
0.50000
1.00000
0.02174
0.02174
0.02174
0.06522
0.02174
0.02174
0.04348
0.02174
0.02174
0.32609
0.02174
0.04348
0.06522
0.13043
0.02174
0.02174
0.02174
0.02174
0.04348
0.10870
0.02174
0.10870
0.06522
0.06522
0.93478
0.02174
0.02174
0.04348
0.02174
0.89130
0.02174
0.02174
0.02174
0.06522
0.02174
0.04348
0.02174
1.00000
0.04348
0.02174
0.15217
0.02174
0.02174
0.08696
0.02174
0.02174
0.02174
0.15217
0.02174
1.00000
0.02174
0.02174
1.00000
0.13043
1.00000
0.02174
0.15217
0.02174
0.13043
0.06522
0.02174
0.02174
0.04348
0.08571
0.02174
0.02174
0.02174
0.02174
0.02174
1.00000
0.02174
0.02174
0.06522
1.00000
0.02174
0.15217
0.06522
0.02174
0.02174
0.93478
0.02174
0.02174
0.04348
0.32609
0.10870
0.02174
1.00000
0.06522
0.10870
0.02174
1.00000
0.06522
0.02174
0.02174
0.04348
0.04348
0.02174
0.02174
0.02174
0.02174
0.02174
0.06522
0.02174
1.00000
0.13043
1.00000
0.02174
0.32609
0.02174
0.02174
0.02174
0.08696
0.06522
1.00000
1.00000
0.15217
0.02222
0.02174
0.02174
0.02174
0.50000
0.04348
0.06522
0.02174
0.02174
0.02174
1.00000
0.04348
0.02174
0.02174
0.02174
0.02174
0.02174
0.02174
0.04348
0.02174
1.00000
0.02174
0.02174
0.02174
0.02174
0.06522
0.06522
0.02174
1.00000
0.13043
0.02174
0.02174
0.02174
0.02174
1.00000
0.02174
0.97826
0.06522
0.02174
0.02174
1.00000
0.06522
1.00000
0.02174
0.04348
1.00000
0.02174
0.13043
0.02174
0.02174
1.00000
0.10870
0.15217
0.04348
0.04348
0.02174
0.02174
0.06522
1.00000
0.02174
1.00000
1.00000
0.93478
0.02174
0.02174
0.02174
0.04348
0.02174
0.06522
0.13043
0.04348
0.06667
0.02174
0.02174
0.02174
0.04348
0.02174
0.13043
0.04348
0.06522
0.02174
0.89130
0.02174
0.02174
1.00000
0.02174
0.02174
0.10870
0.15217
0.02174
0.02174
0.02174
0.02174
0.02174
0.02174
0.10870
1.00000
0.02174
0.13043
0.02174
1.00000
0.02174
0.96552
0.10870
0.04348
0.02174
0.04348
0.15217
0.02174
0.02174
0.02174
0.02174
1.00000
0.02174
0.93478
0.06522
0.02174
0.93478
0.02174
1.00000
0.06667
0.06522
1.00000
0.02174
0.02174
0.13333
0.02174
0.02174
0.02174
0.08823
0.13043
0.13043
0.02174
0.02174
0.02174
0.13043
0.02174
0.04348
0.02174
0.02174
0.02174
0.02174
0.02174
0.02174
0.02174
0.02174
0.02174
1.00000
0.02174
1.00000
0.02174
0.02174
0.02174
0.02174
0.02174
0.02174
0.10870
0.04348
0.02174
0.10870
0.02174
0.76087
0.02174
0.02174
0.02174
0.02174
0.06522
0.10870
0.02174
0.06522
0.02174
0.15217
0.02174
0.02174
1.00000
0.02174
0.02174
1.00000
0.02174
0.02174
0.02174
0.04348
0.15217
0.02174
0.02174
0.02174
0.93478
0.02174
0.02174
0.02174
0.50000
0.02174
0.02174
1.00000
0.02174
0.06522
1.00000
1.00000
0.02174
0.02174
0.02174
0.02174
0.06522
1.00000
0.02174
0.02174
0.02174
0.02174
0.02174
0.02222
0.02174
0.06522
0.13043
0.04348
0.02174
0.02174
1.00000
0.02174
0.04348
0.02174
0.02174
0.10870
0.02174
0.04348
0.02174
0.06522
0.04348
0.10870
0.02174
0.02174
0.02174
0.06522
0.02174
0.02174
0.02174
0.02174
0.02174
0.04348
0.10870
0.02174
0.91304
1.00000
0.08696
0.06522
0.02174
0.06522
1.00000
0.02174
1.00000
0.02174
0.08696
1.00000
0.02174
1.00000
1.00000
0.02174
0.32609
1.00000
0.02174
0.02174
0.02222
1.00000
1.00000
0.02174
0.04348
0.02174
0.02174
0.02174
0.02174
0.15217
0.02174
0.89130
0.13043
1.00000
0.04348
0.93478
0.02174
0.02174
0.06522
0.02174
1.00000
0.02174
0.02174
0.02174
0.02174
0.02174
0.89130
0.02174
0.02174
0.06522
0.02174
0.02174
0.02174
0.02174
0.02273
0.02174
0.08696
0.02174
0.02174
0.04651
0.06452
0.76087
0.06522
0.08696
0.04348
0.02174
0.13043
0.02174
1.00000
0.02174
0.02174
0.15217
0.10870
0.89130
0.06522
0.02174
0.06522
1.00000
0.04348
0.10870
0.04348
0.02174
0.02174
0.02174
0.02174
0.04348
0.10870
0.02174
0.04348
0.02174
0.02174
0.02174
0.05000
0.32609
0.06522
0.02174
0.03125
0.02174
0.02174
0.02174
0.15217
0.02174
0.02174
0.04348
0.02174
0.50000
0.02174
0.02174
0.93478
0.02174
0.76087
0.02174
0.02174
0.02174
0.02174
0.02174
1.00000
0.93478
0.02174
0.06522
1.00000
0.02174
0.02174
0.02174
0.04348
0.02174
0.06522
0.08696
0.08696
0.08696
0.08696
0.02174
0.02174
0.93478
0.02174
0.15217
0.09756
0.02174
0.04348
0.04348
0.06522
0.02174
0.06522
0.06522
0.02174
0.02174
1.00000
0.02174
0.06522
0.02174
0.17391
0.02174
0.02174
0.93478
0.76087
0.97826
0.10870
0.02174
0.06522
0.02174
0.02174
0.02174
0.02174
0.02174
0.04348
1.00000
0.02174
0.02174
0.02174
1.00000
0.02222
0.02174
0.13043
0.93478
0.15217
0.02174
0.06522
0.02174
0.10870
0.02174
0.02174
0.10870
0.02174
0.04348
0.04348
0.02174
0.13043
0.02174
0.02174
0.02174
0.04444
0.02174
0.50000
0.02174
0.08696
0.02174
1.00000
0.02174
0.02174
0.02174
0.02174
0.02174
0.02174
0.13043
0.06522
0.06522
0.02174
0.02174
0.13043
1.00000
1.00000
1.00000
0.02174
0.02174
0.02174
0.02174
0.02174
0.02174
0.02174
0.02174
0.02174
0.02632
0.02778
0.02857
0.93478
0.02174
0.02174
0.04348
1.00000
0.02174
0.10870
0.02174
0.02174
0.02174
1.00000
0.02174
0.02174
0.10870
0.04348
0.06522
0.02174
0.02174
1.00000
1.00000
0.02174
1.00000
0.02174
0.02174
0.02174
0.02174
0.13889
0.02174
1.00000
0.02174
0.02174
0.02174
0.04348
0.07500
0.02174
0.02174
0.02174
0.06522
0.06522
0.02174
1.00000
0.02174
0.02174
0.06522
0.02174
0.02174
0.02174
0.02174
0.02174
0.02174
0.02174
0.02174
0.04878
0.06522
0.06522
0.93478
1.00000
0.02174
0.02174
0.06522
0.02174
0.02174
0.77500
0.06522
0.02174
0.02174
0.08696
0.93478
0.06522
0.02174
0.93478
0.02174
0.02174
0.02174
0.02174
0.04348
0.06522
0.95238
0.10870
1.00000
0.02174
0.06522
0.05128
0.02174
1.00000
0.02174
1.00000
0.91304
0.04348
0.04878
0.02381
0.17391
0.13043
0.02174
0.17391
0.02174
0.04348
0.10870
0.02174
0.02174
0.02857
0.06522
0.06522
0.26087
0.10870
0.02174
0.02174
1.00000
0.02174
0.02174
0.07143
0.02174
0.76087
0.17391
0.02174
0.06522
0.02174
0.13043
0.02174
0.06522
0.06522
0.02174
0.02174
0.06522
0.02174
0.02174
0.02174
1.00000
0.06522
0.02174
0.73809
0.50000
0.02174
0.02174
0.02174
0.02174
0.02174
0.02174
0.04348
0.02174
0.06522
0.02174
0.02174
0.02174
0.02174
