0.00925925925925926
0.87037037037037
0.0277777777777778
0.00925925925925926
0.00925925925925926
0.00925925925925926
0.0648148148148148
0.259259259259259
0.277777777777778
0.111111111111111
0.101851851851852
0.00925925925925926
0.12962962962963
0.0185185185185185
0.0648148148148148
0.0740740740740741
0.0740740740740741
0.00925925925925926
0.0648148148148148
0.0555555555555556
0.00925925925925926
0.00925925925925926
0.00925925925925926
0.0185185185185185
0.0277777777777778
0.037037037037037
0.00925925925925926
0.00925925925925926
0.00925925925925926
0.00925925925925926
0.00925925925925926
0.0555555555555556
0.00925925925925926
0.00925925925925926
0.00925925925925926
0.00925925925925926
0.00925925925925926
0.00925925925925926
0.00925925925925926
0.0277777777777778
0.185185185185185
0.00925925925925926
0.00925925925925926
0.00925925925925926
0.00925925925925926
0.00925925925925926
0.00925925925925926
0.00925925925925926
0.111111111111111
0.0277777777777778
0.972222222222222
0.0185185185185185
0.287037037037037
0.00925925925925926
0.0833333333333333
0.00925925925925926
0.00925925925925926
0.00925925925925926
0.0462962962962963
0.00925925925925926
0.0277777777777778
0.0185185185185185
0.00925925925925926
0.00925925925925926
0.296296296296296
0.0277777777777778
0.0185185185185185
0.00925925925925926
0.00925925925925926
0.0277777777777778
0.00925925925925926
0.00925925925925926
0.916666666666667
0.0277777777777778
0.00925925925925926
0.00925925925925926
0.00925925925925926
0.0185185185185185
0.00925925925925926
0.00925925925925926
0.0277777777777778
0.0277777777777778
0.00925925925925926
0.00925925925925926
0.0555555555555556
0.00925925925925926
0.00925925925925926
0.00925925925925926
0.0277777777777778
0.00925925925925926
0.0277777777777778
0.00925925925925926
0.00925925925925926
0.037037037037037
0.194444444444444
0.0277777777777778
0.203703703703704
0.00925925925925926
0.898148148148148
0.00925925925925926
0.0833333333333333
0.0185185185185185
0.0555555555555556
0.00925925925925926
0.148148148148148
0.00925925925925926
0.00925925925925926
0.0833333333333333
0.148148148148148
0.472222222222222
0.527777777777778
0.00925925925925926
0.0277777777777778
0.00925925925925926
0.00925925925925926
0.00925925925925926
0.0648148148148148
0.0277777777777778
0.0185185185185185
0.00925925925925926
0.00925925925925926
0.00925925925925926
0.00925925925925926
0.00925925925925926
0.0185185185185185
0.0740740740740741
0.00925925925925926
0.00925925925925926
0.00925925925925926
0.0277777777777778
0.0277777777777778
0.287037037037037
0.00925925925925926
0.0648148148148148
0.0555555555555556
0.00925925925925926
0.00925925925925926
0.037037037037037
0.0185185185185185
0.0462962962962963
0.037037037037037
0.00925925925925926
0.00925925925925926
0.00925925925925926
0.00925925925925926
0.0277777777777778
0.0277777777777778
0.00925925925925926
0.287037037037037
0.00925925925925926
0.00925925925925926
0.00925925925925926
0.00925925925925926
0.0277777777777778
0.0185185185185185
0.00925925925925926
0.0277777777777778
0.0185185185185185
0.00925925925925926
0.00925925925925926
0.0277777777777778
0.00925925925925926
0.0277777777777778
0.00925925925925926
0.00925925925925926
0.00925925925925926
0.0277777777777778
0.037037037037037
0.00925925925925926
0.0277777777777778
0.00925925925925926
0.00925925925925926
0.0277777777777778
0.00925925925925926
0.00925925925925926
0.00925925925925926
0.0277777777777778
1
0.00925925925925926
0.00925925925925926
0.0277777777777778
0.00925925925925926
0.0185185185185185
0.00925925925925926
0.00925925925925926
0.0925925925925926
0.00925925925925926
0.00925925925925926
0.00925925925925926
0.0277777777777778
0.00925925925925926
0.0555555555555556
0.0555555555555556
0.00925925925925926
0.0277777777777778
0.00925925925925926
0.0277777777777778
0.00925925925925926
0.0185185185185185
0.0648148148148148
0.00925925925925926
0.00925925925925926
0.0925925925925926
0.00925925925925926
0.0185185185185185
0.0833333333333333
0.00925925925925926
0.00925925925925926
0.0277777777777778
0.0462962962962963
0.0185185185185185
0.0277777777777778
0.0185185185185185
0.0555555555555556
0.0648148148148148
0.037037037037037
0.0555555555555556
0.00925925925925926
0.00925925925925926
0.00925925925925926
0.0277777777777778
0.00925925925925926
0.00925925925925926
0.0185185185185185
0.0277777777777778
0.00925925925925926
0.0555555555555556
0.00925925925925926
0.00925925925925926
0.00925925925925926
0.0740740740740741
0.0277777777777778
0.0185185185185185
0.00925925925925926
0.0277777777777778
0.00925925925925926
0.00925925925925926
0.00925925925925926
0.0185185185185185
0.00925925925925926
0.0185185185185185
0.0185185185185185
0.0277777777777778
0.111111111111111
0.00925925925925926
0.00925925925925926
0.00925925925925926
0.037037037037037
0.00925925925925926
0.0277777777777778
0.0277777777777778
0.037037037037037
0.00925925925925926
0.0555555555555556
0.00925925925925926
0.0277777777777778
0.00925925925925926
0.00925925925925926
0.0462962962962963
0.0277777777777778
0.00925925925925926
0.037037037037037
0.00925925925925926
0.00925925925925926
0.00925925925925926
0.00925925925925926
0.00925925925925926
0.0555555555555556
0.00925925925925926
0.00925925925925926
0.0277777777777778
0.0555555555555556
0.00925925925925926
0.898148148148148
0.0555555555555556
0.00925925925925926
0.00925925925925926
0.0740740740740741
0.0185185185185185
0.148148148148148
0.0277777777777778
0.00925925925925926
0.287037037037037
0.00925925925925926
0.148148148148148
0.00925925925925926
0.037037037037037
0.00925925925925926
0.0555555555555556
0.0462962962962963
0.00925925925925926
0.00925925925925926
0.287037037037037
0.00925925925925926
0.00925925925925926
0.0277777777777778
0.00925925925925926
0.00925925925925926
0.00925925925925926
0.0185185185185185
0.0185185185185185
0.00925925925925926
0.00925925925925926
0.148148148148148
0.00925925925925926
0.00925925925925926
0.00925925925925926
0.00925925925925926
0.0185185185185185
0.0648148148148148
0.00925925925925926
0.00925925925925926
0.00925925925925926
0.00925925925925926
0.0277777777777778
0.00925925925925926
0.0277777777777778
0.00925925925925926
0.00925925925925926
0.00925925925925926
0.212962962962963
0.0555555555555556
0.00925925925925926
0.0277777777777778
0.00925925925925926
0.00925925925925926
0.0277777777777778
0.0277777777777778
0.00925925925925926
0.0740740740740741
0.0277777777777778
0.00925925925925926
0.00925925925925926
0.00925925925925926
0.0833333333333333
0.0185185185185185
0.00925925925925926
0.00925925925925926
0.00925925925925926
0.00925925925925926
0.00925925925925926
0.0277777777777778
0.00925925925925926
0.0462962962962963
0.00925925925925926
0.00925925925925926
0.0462962962962963
0.0833333333333333
0.00925925925925926
0.0185185185185185
0.731481481481482
0.0185185185185185
0.00925925925925926
0.00925925925925926
0.00925925925925926
0.00925925925925926
0.00925925925925926
0.0185185185185185
1
0.00925925925925926
0.00925925925925926
0.00925925925925926
0.00925925925925926
0.0185185185185185
0.00925925925925926
0.0277777777777778
0.00925925925925926
0.00925925925925926
0.00925925925925926
0.00925925925925926
0.00925925925925926
0.00925925925925926
0.00925925925925926
0.0185185185185185
0.00925925925925926
0.0185185185185185
0.00925925925925926
0.194444444444444
0.00925925925925926
0.00925925925925926
0.00925925925925926
0.00925925925925926
0.0277777777777778
0.037037037037037
0.0185185185185185
0.00925925925925926
0.00925925925925926
0.0740740740740741
0.00925925925925926
0.0462962962962963
0.00925925925925926
0.00925925925925926
0.00925925925925926
0.00925925925925926
0.00925925925925926
0.731481481481482
0.00925925925925926
0.037037037037037
0.00925925925925926
0.00925925925925926
0.00925925925925926
0.00925925925925926
0.00925925925925926
0.037037037037037
0.0277777777777778
0.037037037037037
0.0185185185185185
0.0185185185185185
0.0185185185185185
0.00925925925925926
0.0277777777777778
0.00925925925925926
0.00925925925925926
0.0185185185185185
0.0740740740740741
0.203703703703704
0.0277777777777778
0.00925925925925926
0.0185185185185185
0.00925925925925926
0.00925925925925926
0.00925925925925926
0.00925925925925926
0.00925925925925926
0.0462962962962963
0.00925925925925926
0.0555555555555556
0.0277777777777778
0.703703703703704
0.175925925925926
0.00925925925925926
0.00925925925925926
0.00925925925925926
0.00925925925925926
0.037037037037037
0.00925925925925926
0.0277777777777778
0.00925925925925926
0.00925925925925926
0.00925925925925926
0.00925925925925926
0.0277777777777778
0.0277777777777778
0.00925925925925926
0.0833333333333333
0.00925925925925926
0.00925925925925926
0.00925925925925926
0.0833333333333333
0.0277777777777778
0.138888888888889
0.0185185185185185
0.00925925925925926
0.731481481481482
0.0277777777777778
0.00925925925925926
0.00925925925925926
0.0555555555555556
0.00925925925925926
0.00925925925925926
0.00925925925925926
0.0185185185185185
0.00925925925925926
0.00925925925925926
0.037037037037037
0.00925925925925926
0.00925925925925926
0.00925925925925926
0.00925925925925926
0.00925925925925926
0.0185185185185185
0.0277777777777778
0.0277777777777778
0.00925925925925926
0.898148148148148
0.00925925925925926
0.00925925925925926
0.00925925925925926
0.185185185185185
0.0277777777777778
0.194444444444444
0.037037037037037
0.00925925925925926
0.0185185185185185
0.00925925925925926
0.00925925925925926
0.00925925925925926
0.0277777777777778
0.00925925925925926
0.00925925925925926
0.037037037037037
0.0277777777777778
0.0277777777777778
0.0277777777777778
0.00925925925925926
0.00925925925925926
0.0555555555555556
0.00925925925925926
0.0648148148148148
0.0185185185185185
0.037037037037037
0.00925925925925926
0.00925925925925926
0.00925925925925926
0.0555555555555556
0.00925925925925926
0.00925925925925926
0.0185185185185185
0.00925925925925926
0.0185185185185185
0.00925925925925926
0.00925925925925926
0.148148148148148
0.00925925925925926
0.787037037037037
0.0277777777777778
0.00925925925925926
0.0185185185185185
0.0277777777777778
0.0277777777777778
0.00925925925925926
0.00925925925925926
0.0277777777777778
0.00925925925925926
0.240740740740741
0.00925925925925926
0.00925925925925926
0.00925925925925926
0.00925925925925926
0.00925925925925926
0.0185185185185185
0.0277777777777778
0.0185185185185185
0.00925925925925926
0.00925925925925926
0.0277777777777778
0.00925925925925926
0.00925925925925926
0.0185185185185185
0.00925925925925926
0.00925925925925926
0.00925925925925926
0.0833333333333333
0.00925925925925926
0.00925925925925926
0.222222222222222
0.00925925925925926
0.0277777777777778
0.00925925925925926
0.296296296296296
0.0277777777777778
0.00925925925925926
0.00925925925925926
0.0462962962962963
0.00925925925925926
0.0185185185185185
0.0555555555555556
0.148148148148148
0.0462962962962963
0.0555555555555556
0.0185185185185185
0.0462962962962963
0.00925925925925926
0.0740740740740741
0.00925925925925926
0.0185185185185185
0.0462962962962963
0.00925925925925926
0.0185185185185185
0.00925925925925926
0.00925925925925926
0.0277777777777778
0.00925925925925926
0.00925925925925926
0.0277777777777778
0.0555555555555556
0.00925925925925926
0.00925925925925926
0.0555555555555556
0.00925925925925926
0.138888888888889
0.00925925925925926
0.00925925925925926
0.00925925925925926
0.00925925925925926
0.0462962962962963
0.0277777777777778
0.0277777777777778
0.00925925925925926
0.00925925925925926
0.00925925925925926
0.0185185185185185
0.00925925925925926
0.00925925925925926
0.0277777777777778
0.00925925925925926
0.00925925925925926
0.00925925925925926
0.00925925925925926
0.0648148148148148
0.148148148148148
0.0185185185185185
0.00925925925925926
0.00925925925925926
0.00925925925925926
0.00925925925925926
0.00925925925925926
0.0740740740740741
0.00925925925925926
0.00925925925925926
0.888888888888889
0.0648148148148148
0.175925925925926
0.00925925925925926
0.0277777777777778
0.00925925925925926
0.0185185185185185
0.0277777777777778
0.00925925925925926
0.00925925925925926
0.0833333333333333
0.0185185185185185
0.00925925925925926
0.0185185185185185
0.00925925925925926
0.00925925925925926
0.00925925925925926
0.175925925925926
0.00925925925925926
0.00925925925925926
0.0185185185185185
0.00925925925925926
0.0185185185185185
0.00925925925925926
0.037037037037037
0.0555555555555556
0.0277777777777778
0.00925925925925926
0.0462962962962963
0.0185185185185185
0.0185185185185185
0.0185185185185185
0.0462962962962963
0.0185185185185185
0.648148148148148
0.0648148148148148
0.0185185185185185
0.00925925925925926
0.990740740740741
0.00925925925925926
0.00925925925925926
0.0185185185185185
0.00925925925925926
0.00925925925925926
0.0277777777777778
0.0185185185185185
0.00925925925925926
0.0277777777777778
0.00925925925925926
0.0185185185185185
0.00925925925925926
0.00925925925925926
0.00925925925925926
0.00925925925925926
0.00925925925925926
0.00925925925925926
0.00925925925925926
0.0555555555555556
0.00925925925925926
0.00925925925925926
0.037037037037037
0.0277777777777778
0.00925925925925926
0.0277777777777778
0.00925925925925926
0.157407407407407
0.0185185185185185
0.00925925925925926
0.0277777777777778
0.0740740740740741
0.00925925925925926
0.00925925925925926
0.00925925925925926
0.0277777777777778
0.00925925925925926
0.0185185185185185
0.00925925925925926
0.0185185185185185
0.00925925925925926
0.0277777777777778
0.0740740740740741
0.0185185185185185
0.00925925925925926
0.00925925925925926
0.00925925925925926
0.037037037037037
0.0277777777777778
0.0462962962962963
0.0462962962962963
0.037037037037037
0.0925925925925926
0.0740740740740741
0.166666666666667
0.00925925925925926
0.00925925925925926
0.0648148148148148
0.0277777777777778
0.00925925925925926
0.0185185185185185
0.00925925925925926
0.0277777777777778
0.00925925925925926
0.166666666666667
0.0462962962962963
0.12037037037037
0.0462962962962963
0.0277777777777778
0.0833333333333333
0.314814814814815
0.0555555555555556
0.00925925925925926
0.00925925925925926
0.00925925925925926
0.0185185185185185
0.0185185185185185
0.0185185185185185
0.00925925925925926
0.0185185185185185
0.0277777777777778
0.00925925925925926
0.00925925925925926
0.00925925925925926
0.0277777777777778
0.00925925925925926
0.037037037037037
0.00925925925925926
0.00925925925925926
0.037037037037037
0.037037037037037
0.00925925925925926
0.00925925925925926
0.037037037037037
0.0555555555555556
0.0277777777777778
0.0185185185185185
0.0833333333333333
0.00925925925925926
0.0185185185185185
0.342592592592593
0.00925925925925926
0.0185185185185185
0.00925925925925926
0.00925925925925926
0.166666666666667
0.0185185185185185
0.037037037037037
0.111111111111111
0.203703703703704
0.00925925925925926
0.00925925925925926
0.111111111111111
0.0277777777777778
0.00925925925925926
0.0277777777777778
0.00925925925925926
0.00925925925925926
0.0555555555555556
0.00925925925925926
0.240740740740741
0.0185185185185185
0.212962962962963
0.0462962962962963
0.00925925925925926
0.00925925925925926
0.00925925925925926
0.00925925925925926
0.0277777777777778
0.574074074074074
0.00925925925925926
0.0185185185185185
0.00925925925925926
